-0.32660789783806554176 1.53229254034140227603 -1.04482480625061779911 -1.58744815052881937945 2.92848068369409864076 -2.21893122413346999267 
-0.32660789783806470910 1.53229254034140049967 -1.04482480625061713297 -1.58744815052881960149 2.92848068369409819667 -2.21893122413346866040 
-0.32660789783806493114 1.53229254034140072172 -1.04482480625061735502 -1.58744815052881982353 2.92848068369409819667 -2.21893122413346821631 
-0.32660789783806482012 1.53229254034140116580 -1.04482480625061757706 -1.58744815052881982353 2.92848068369409819667 -2.21893122413346910449 
-0.32660789783806476461 1.53229254034140049967 -1.04482480625061691093 -1.58744815052881982353 2.92848068369409819667 -2.21893122413346821631 
-0.32660789783806482012 1.53229254034140072172 -1.04482480625061735502 -1.58744815052881982353 2.92848068369409819667 -2.21893122413346821631 
-0.32660789783806476461 1.53229254034140072172 -1.04482480625061735502 -1.58744815052881960149 2.92848068369409819667 -2.21893122413346866040 
-0.32660789783806531972 1.53229254034140116580 -1.04482480625061802115 -1.58744815052881915740 2.92848068369409819667 -2.21893122413346821631 
-0.32660789783806459807 1.53229254034140072172 -1.04482480625061735502 -1.58744815052882026762 2.92848068369409864076 -2.21893122413346866040 
-0.32660789783806504216 1.53229254034140116580 -1.04482480625061757706 -1.58744815052881982353 2.92848068369409864076 -2.21893122413346910449 
-0.32660789783806493114 1.53229254034140094376 -1.04482480625061757706 -1.58744815052881982353 2.92848068369409819667 -2.21893122413346866040 
-0.32660789783806498665 1.53229254034140049967 -1.04482480625061735502 -1.58744815052881982353 2.92848068369409819667 -2.21893122413346777222 
-0.32660789783806509767 1.53229254034140094376 -1.04482480625061779911 -1.58744815052881960149 2.92848068369409819667 -2.21893122413346821631 
-0.32660789783806476461 1.53229254034140027763 -1.04482480625061713297 -1.58744815052881982353 2.92848068369409819667 -2.21893122413346777222 
-0.32660789783806504216 1.53229254034140094376 -1.04482480625061735502 -1.58744815052882004558 2.92848068369409864076 -2.21893122413346866040 
-0.32660789783806476461 1.53229254034140116580 -1.04482480625061757706 -1.58744815052881960149 2.92848068369409775258 -2.21893122413346866040 
-0.32660789783806504216 1.53229254034140049967 -1.04482480625061735502 -1.58744815052881982353 2.92848068369409819667 -2.21893122413346777222 
-0.32660789783806470910 1.53229254034140072172 -1.04482480625061735502 -1.58744815052881982353 2.92848068369409819667 -2.21893122413346821631 
-0.32660789783806504216 1.53229254034140116580 -1.04482480625061735502 -1.58744815052881982353 2.92848068369409864076 -2.21893122413346910449 
-0.32660789783806498665 1.53229254034140094376 -1.04482480625061779911 -1.58744815052881937945 2.92848068369409819667 -2.21893122413346866040 
