-0.32660791277885437012 1.53229224681854248047 -1.04482555389404296875 -1.58744716644287109375 2.92847967147827148438 -2.21892976760864257812 
-0.32660785317420959473 1.53229224681854248047 -1.04482519626617431641 -1.58744752407073974609 2.92847990989685058594 -2.21893024444580078125 
-0.32660800218582153320 1.53229272365570068359 -1.04482555389404296875 -1.58744728565216064453 2.92847990989685058594 -2.21893048286437988281 
-0.32660791277885437012 1.53229248523712158203 -1.04482519626617431641 -1.58744776248931884766 2.92848014831542968750 -2.21893072128295898438 
-0.32660797238349914551 1.53229296207427978516 -1.04482531547546386719 -1.58744776248931884766 2.92848038673400878906 -2.21893143653869628906 
-0.32660797238349914551 1.53229260444641113281 -1.04482555389404296875 -1.58744728565216064453 2.92847990989685058594 -2.21893048286437988281 
-0.32660791277885437012 1.53229224681854248047 -1.04482519626617431641 -1.58744764328002929688 2.92847990989685058594 -2.21893024444580078125 
-0.32660800218582153320 1.53229296207427978516 -1.04482543468475341797 -1.58744740486145019531 2.92848014831542968750 -2.21893119812011718750 
-0.32660797238349914551 1.53229284286499023438 -1.04482495784759521484 -1.58744776248931884766 2.92848038673400878906 -2.21893119812011718750 
-0.32660803198814392090 1.53229272365570068359 -1.04482531547546386719 -1.58744740486145019531 2.92848014831542968750 -2.21893095970153808594 
-0.32660794258117675781 1.53229272365570068359 -1.04482507705688476562 -1.58744788169860839844 2.92848038673400878906 -2.21893119812011718750 
-0.32660800218582153320 1.53229296207427978516 -1.04482543468475341797 -1.58744728565216064453 2.92848014831542968750 -2.21893119812011718750 
-0.32660797238349914551 1.53229284286499023438 -1.04482495784759521484 -1.58744788169860839844 2.92848038673400878906 -2.21893143653869628906 
-0.32660797238349914551 1.53229248523712158203 -1.04482543468475341797 -1.58744728565216064453 2.92847990989685058594 -2.21893024444580078125 
-0.32660800218582153320 1.53229272365570068359 -1.04482531547546386719 -1.58744752407073974609 2.92848014831542968750 -2.21893072128295898438 
-0.32660797238349914551 1.53229272365570068359 -1.04482519626617431641 -1.58744764328002929688 2.92848014831542968750 -2.21893095970153808594 
-0.32660791277885437012 1.53229308128356933594 -1.04482507705688476562 -1.58744788169860839844 2.92848038673400878906 -2.21893167495727539062 
-0.32660791277885437012 1.53229308128356933594 -1.04482567310333251953 -1.58744716644287109375 2.92848014831542968750 -2.21893095970153808594 
-0.32660794258117675781 1.53229284286499023438 -1.04482531547546386719 -1.58744764328002929688 2.92848014831542968750 -2.21893095970153808594 
-0.32660791277885437012 1.53229260444641113281 -1.04482495784759521484 -1.58744800090789794922 2.92848038673400878906 -2.21893095970153808594 
