0.806401
0.012413
2.833635
-1.266278
-1.085697
2.827851
3.740276
0.915226
1.671468
1.712352
1.271206
0.059198
-1.438095
-0.578260
-0.180462
-3.040329
0.074999
1.450328
-1.541652
-0.675647
-1.117875
1.128454
0.117548
0.250676
0.424360
-0.457178
1.345371
0.100971
4.048769
1.987843
0.504204
2.449186
1.888263
-0.920724
-0.690779
1.529288
2.559864
0.871803
1.265529
-1.685249
-3.167527
-0.890737
-0.049654
-0.698838
0.786415
2.264935
1.833899
-0.039667
0.067555
2.223137
-0.401217
1.180609
-0.801143
1.355537
-0.505881
-0.232827
3.371823
-1.132921
1.207693
0.038876
0.226369
0.241792
-0.927303
0.063401
-1.692597
0.132710
2.712913
3.472887
0.495000
1.845239
1.251320
0.702465
1.001236
-0.892673
-1.471370
1.918953
0.588513
0.698913
-3.458024
-1.970756
1.459108
1.837508
0.395748
1.301687
1.548881
1.115512
1.762737
0.388838
-0.331066
1.960105
1.992053
0.556081
0.081459
1.046338
-0.710248
0.898227
1.104370
-0.800460
-0.822664
0.303373
