3.999127
2.845728
-0.238886
3.548844
0.264457
0.522241
-2.591461
-1.069971
-2.983642
0.127690
-0.434364
0.962894
-0.922570
-2.826611
-0.396631
3.887757
-2.669697
2.408174
-1.824500
2.002159
3.723217
3.776416
-0.459822
-1.501849
-1.944919
3.520705
3.639116
0.365261
3.574472
-1.611799
-2.662024
-2.576995
3.807341
0.532017
-2.689378
-0.023492
-2.239144
-2.572020
-1.406745
1.061926
1.570875
1.053879
-1.112056
-0.341672
1.838906
-2.262819
1.520611
-2.773510
-1.313024
-1.769340
3.942399
-2.571313
2.837593
1.333855
-0.206582
1.896343
-0.870490
3.980073
-0.536879
1.107556
-1.113069
-0.489591
3.651912
-2.999956
-1.183507
3.106668
0.038870
-0.172317
3.040943
-1.974898
-0.111067
-2.066166
1.276561
-2.882793
3.551384
-0.927226
3.020502
0.948792
-0.659298
3.675140
0.839373
-1.690058
1.097189
-2.795349
0.899437
-2.848249
1.531584
2.344845
-2.193361
-2.288251
-1.637433
1.936538
-2.915927
-0.438210
-2.232854
-2.537484
0.356990
-1.375046
-0.575551
3.359931
2.111057
3.710898
2.822484
-0.577576
0.120383
1.290484
-0.429849
-1.089844
0.510196
-1.008626
-1.799762
-2.778380
0.449457
0.806010
0.658572
3.555526
1.952166
-1.948372
-1.621761
1.401553
3.287009
-2.248800
-1.063468
0.646222
1.202887
-0.324200
-2.004207
-2.521799
3.963555
1.164287
-2.010608
-1.386310
2.648549
-2.791084
-0.858750
0.294981
1.275114
3.125723
0.449038
-2.360530
0.703835
-1.196368
-1.369926
0.845224
1.829958
3.006815
-2.862618
3.032569
-2.972984
2.794763
-2.728196
-1.426897
0.630402
-1.258721
-1.176524
3.065915
1.827166
0.545477
-1.835539
-1.655934
-1.349815
1.831161
-0.053730
1.164300
-2.340588
-1.359793
1.427901
-2.511690
-2.204123
0.017484
3.851725
-0.021317
2.719146
0.326102
2.278636
-1.636805
-0.824809
1.570683
2.476026
3.568594
1.496727
-2.815797
-1.829192
0.230034
-1.921011
-1.996320
1.215622
-1.981548
-2.554982
1.221414
0.414985
0.108092
3.388006
2.844612
-1.621281
-2.076373
-1.235777
3.467228
0.912348
-2.711565
0.400147
-1.347699
3.917020
-1.260817
-0.314352
-0.151163
3.275987
0.404015
-2.589292
2.029784
-0.468797
-1.717444
-2.229914
-1.415840
-1.927566
-2.673794
1.254988
3.359573
3.753323
1.154484
-0.875976
0.841935
2.819851
0.876614
0.095503
-0.772281
2.461764
3.394438
1.485226
0.314635
-1.448726
0.469612
-0.381785
0.993322
0.169293
2.628034
-0.289256
-0.968602
2.945511
1.338648
-0.655739
1.651540
0.482483
3.495213
2.477508
-2.374612
-0.663517
2.287952
0.073863
-0.574439
-2.898551
1.763894
0.890129
-2.068099
3.915914
-2.824746
2.046508
-2.158492
0.582094
0.775440
2.492819
-0.207443
2.304960
3.010051
1.665431
0.013956
3.367338
-1.692654
3.508177
2.452492
-2.437474
2.407426
-2.480652
0.563683
-2.881183
-0.186139
0.026028
1.526521
-2.228957
-0.429718
0.376133
-0.935212
-1.794671
-2.928127
-2.317174
2.336254
-1.810343
3.740617
3.915534
-0.588048
-2.629583
3.295732
-1.146809
3.830514
3.727803
0.206691
1.476992
-2.870109
-0.399869
0.396935
0.974785
-2.706313
3.074489
-2.990520
2.275090
0.442275
-2.033020
3.007921
2.121077
-1.099975
2.426020
-2.943096
2.752109
-2.953726
-2.745476
2.189374
-1.255851
-1.761806
-0.525805
2.208513
1.914478
3.231439
3.109524
1.897136
-0.166420
0.898629
2.929615
0.375590
-0.190926
3.775973
-2.124733
0.608248
-0.725479
0.091935
1.943944
-1.310439
1.631162
-0.472125
0.375396
3.603579
0.320937
2.911719
-0.001099
1.002140
-2.907505
2.534916
0.939092
0.881252
2.754031
0.496087
-1.379438
2.423502
2.795105
0.776038
-2.167524
1.602143
3.199833
-1.452635
2.712277
-1.988854
0.982929
2.591818
2.209679
2.385011
1.052886
-2.670571
1.143635
-1.761116
1.292163
-2.047988
-0.116996
3.693101
1.536773
-0.336842
0.390036
1.790603
2.457226
-1.541099
3.793650
-2.346749
0.184267
-2.633988
1.653736
-2.014490
2.449633
1.878328
-1.643718
3.895745
3.098577
1.446573
-0.859342
2.983039
0.960643
-1.125962
3.878375
-2.988952
-1.536583
0.984495
-2.556931
2.038037
0.345453
-0.102476
0.511186
0.798279
2.520926
2.402299
-0.980996
3.385596
1.785835
3.950057
1.668264
3.374857
-0.276697
-0.713131
0.050417
-0.736515
-2.650028
0.998669
-2.388426
-2.107158
0.746129
0.193413
-0.305295
-1.688322
0.067559
-1.413843
1.995116
-0.625053
-0.874422
3.049737
-1.835439
3.216809
0.021628
3.306607
-0.639905
-1.342045
-1.856210
2.682970
1.098895
1.386058
0.105134
-0.652580
1.775337
-2.058818
3.898827
-0.140852
1.117276
-2.415174
2.861223
2.517221
2.609512
2.110020
1.853215
3.063293
3.504682
2.574042
3.058887
-2.405020
-1.891065
2.223162
2.659275
-1.977790
-0.710557
3.525103
-0.954583
-1.158978
2.405679
-1.526958
1.191871
-1.423653
-2.755007
3.183799
-0.626573
3.136977
3.220693
-1.121667
2.554159
2.361124
0.745176
2.830322
0.165598
1.888700
3.426524
-1.765946
2.394320
-1.054653
3.745253
-0.292628
0.864554
-0.723033
0.099883
3.926692
3.975429
-1.182966
3.610957
0.327180
1.788926
3.457325
-1.482991
-0.019661
-2.056675
-0.892616
-0.941788
-0.187764
-1.092326
-1.771794
3.900933
-0.206907
1.376957
3.607924
-1.923562
-1.909240
0.137628
3.788902
-1.335350
-2.363980
-0.696929
1.164733
-2.736000
2.781785
-2.607436
0.763875
-0.594290
-2.555308
-1.514882
-2.229106
0.631355
3.648445
0.633256
-2.688663
3.960936
2.075180
-1.756791
-2.387776
2.825073
-2.483561
1.693506
1.104738
3.357464
2.243941
3.999562
-1.014462
1.419277
1.117314
-0.784782
1.429414
-0.718327
2.699972
1.429158
1.910812
-1.322277
2.943582
2.488886
-0.925711
1.539078
1.935087
0.776909
-2.231961
-0.131719
-1.753299
3.646156
-1.400080
-0.489284
1.556539
-2.564471
-1.204722
0.651350
-0.348135
1.717548
0.598953
-0.002934
1.170189
-2.403236
0.556176
-2.104494
-1.289196
0.199895
1.491130
2.818307
3.634947
-2.607863
1.964396
-0.161683
-1.777682
0.991693
-2.972615
-2.398609
1.106765
-0.497048
1.618287
-2.672941
3.862571
-0.077092
0.684811
-0.607873
2.102464
-1.260924
-1.733819
0.386238
0.648582
-0.763436
0.936856
2.590505
-1.785544
-1.060544
3.570617
-0.628869
-1.370281
0.977391
-0.259342
-1.390529
-0.950029
1.227821
3.968685
3.354362
1.935696
2.486960
3.024282
0.787406
1.725049
0.745240
-1.468216
2.686889
2.750065
3.020255
-2.099470
2.114748
3.851466
1.182483
-1.795989
3.929570
-1.651531
2.251346
1.038302
-2.390833
-2.911816
2.967831
-1.160810
-0.207481
0.716763
2.307903
-0.892691
0.373281
1.806817
-1.457428
2.378219
-0.114798
2.626525
-1.124779
3.119336
-2.277223
-0.412680
2.367253
-0.492711
1.558250
-0.988885
0.675218
3.960554
0.039485
-0.001982
0.591842
-2.296413
-1.557112
-2.998291
-1.638407
1.289261
1.013062
1.260536
-0.057737
-1.820127
2.817236
-0.903454
-1.562846
3.303871
2.652988
1.920902
3.548760
1.011158
-0.394389
1.998499
-0.949837
2.505815
0.486731
2.763934
0.227110
1.724292
-1.619700
-1.841828
3.362308
-0.440944
3.257784
1.625303
1.607244
-0.334704
-2.508285
1.409061
0.765763
-2.949728
0.254877
-0.829660
1.859251
-0.082564
-0.873771
-2.580113
2.240456
1.012603
2.202655
1.177136
-1.913253
-2.778013
1.048487
0.140546
2.554694
2.978201
-1.708989
-0.403896
3.673710
0.860831
-0.231738
1.355162
2.058510
2.063715
-2.491815
3.855778
1.578539
2.707019
-2.221263
2.678210
0.587826
3.338531
-0.534905
-1.942486
0.416090
3.585240
1.916626
-1.275327
3.807551
-2.772142
2.721591
3.356015
-2.317457
0.047910
-0.178566
0.199939
-2.103077
-1.931361
3.123346
-0.217766
-2.628639
-2.387141
3.161949
-0.191002
-1.495460
2.088355
-2.355319
-0.341391
2.614160
-1.420949
-2.388179
-2.162685
-1.448914
-1.745220
-2.140380
2.406131
-0.324289
0.951756
0.780138
-1.440968
1.377929
-0.138306
-0.426844
-1.920117
2.308118
-1.458466
-1.330006
1.545089
0.541819
-2.125436
2.350076
-2.008687
1.582047
0.719958
2.473992
-1.642133
1.186285
2.534864
2.223515
0.834554
-2.013433
-1.402318
0.488728
-0.664477
-0.167691
3.985466
2.058748
-1.957899
1.289526
3.506988
1.605458
1.713824
-0.911503
0.813199
2.312832
-1.540724
1.852869
-0.887599
1.836722
-1.440979
-2.638398
1.287072
-2.568106
-0.021748
0.048962
0.320711
-2.755476
2.634899
0.524958
-2.446360
3.421410
-0.578714
-1.948539
0.776457
2.161695
-1.090974
3.503235
1.455033
-0.947735
-1.531312
-2.611725
-0.402452
1.270911
3.892713
-2.283146
3.528401
1.992867
-0.768129
0.688012
-1.390877
2.980699
1.610401
3.245337
1.561578
-0.394966
0.044994
3.104321
-2.618932
-2.631459
-0.165909
-0.201951
-0.152720
3.067219
2.514314
1.510977
-2.015560
0.202803
3.612816
3.138029
2.070928
3.125701
1.138462
-2.329456
2.900280
3.023861
2.660342
-1.537413
0.808500
-1.487802
0.016655
-0.044214
-0.824105
0.574796
2.164612
-0.970202
1.812499
1.695070
3.000001
-1.693646
2.668966
3.993411
0.897421
0.081153
1.477066
-2.044951
2.335523
-0.300551
1.755377
2.295174
1.987140
-0.337091
1.955491
1.136694
-0.594053
-1.803645
3.272288
-2.410479
-1.582828
2.932668
-2.545894
2.386325
0.644355
-2.759358
-0.554918
-2.075027
-2.233450
-1.050261
-1.556833
-1.513716
3.771344
0.127784
3.109148
1.532405
3.073720
-0.067956
3.980203
2.755844
2.475152
-2.205192
-2.321300
-0.802433
1.412129
2.865470
3.696063
0.009969
-1.567212
0.033844
0.356717
-2.439353
1.015550
3.957522
2.194413
2.065287
-2.989083
-0.020430
-2.685199
2.096634
3.542577
-1.381853
3.631839
-1.433334
-0.647978
-2.546037
-2.456909
-2.451349
0.786281
-2.867797
-1.880521
1.958153
-0.823202
3.021382
-2.918798
0.587715
1.097850
3.565053
-2.815519
0.572497
3.460150
3.547570
-1.729074
-2.891504
1.843194
3.573790
-1.528769
3.057831
3.611564
1.039362
-1.216188
3.754131
2.702392
-1.654841
0.604896
-2.600317
3.268888
2.767541
-0.139857
0.927487
0.435784
-1.401892
2.432964
2.338702
-0.483442
-2.255869
3.166570
-0.079604
1.481389
2.718447
2.793363
2.080571
2.005756
3.662268
0.674746
0.834919
-1.596794
1.484579
-0.585724
3.148655
2.432946
-0.301939
2.739117
-2.400879
3.449013
2.801566
3.098129
-0.839774
1.297412
1.324584
2.160827
0.113213
-1.987682
0.644190
0.804503
-2.300740
3.060839
-2.731575
0.433588
0.326749
3.471805
3.603933
-0.162072
3.692445
-1.475842
1.027049
-0.177128
1.169176
2.620960
-2.695731
0.286147
1.363512
0.742939
-2.576401
0.464071
-2.530750
-1.660192
0.892451
-1.836810
-1.448378
1.127149
2.422914
3.247463
-0.586820
-2.456517
-0.265670
-0.058750
-1.890398
0.849738
0.441438
0.873129
3.910776
1.437219
1.258820
-0.317314
1.542944
-2.268376
-2.575398
-1.485843
-0.290184
0.126068
3.533986
-0.645088
1.938828
2.001192
-2.812159
3.844788
-1.511684
-1.744293
-1.449358
2.694679
-2.467995
0.480828
0.047229
1.534105
0.272987
3.494142
0.823121
3.463978
-0.970333
0.487364
0.093085
0.671544
2.098382
1.852911
-2.774543
1.715633
3.026959
2.843785
-0.219326
2.137034
-1.869428
-1.392799
-2.868310
-1.423674
-0.273685
-2.164588
-1.992733
-2.395047
-2.724759
2.762828
0.462545
2.098554
2.799463
3.182857
-1.760018
-1.693405
2.363831
2.900779
-0.965258
-0.811788
-1.044444
3.891016
-0.812882
3.850413
0.331854
0.521336
0.900387
1.319607
-2.710727
-2.502408
3.434076
3.045949
-2.877515
-0.413383
0.790614
-0.243029
-2.704495
3.258056
1.054047
2.143387
1.382433
2.237835
-0.617320
-1.470064
0.278681
1.908756
1.390517
2.362453
1.172317
-1.452471
1.152326
2.130096
2.125303
2.913742
0.544528
-2.690820
-1.092552
-2.653865
0.764535
-0.094080
0.277166
-1.463418
3.744315
1.770406
-2.128117
-2.202188
3.561986
-2.911113
-0.121452
0.674255
2.211133
0.657620
-0.486707
-1.739881
-0.803403
-0.498524
-0.073726
-2.295108
-2.796636
1.948786
1.061187
0.114147
3.895558
2.598961
1.028916
-0.916311
-1.822756
3.881689
1.894091
-1.058234
1.546679
-2.487441
1.131517
2.948972
1.738474
-2.069147
3.952634
1.301436
-2.516429
1.992482
3.075360
1.831993
2.320882
1.313103
-2.124991
1.958543
1.705640
3.123157
0.061711
0.890334
3.552186
1.862129
-1.310740
-0.160048
3.336579
-2.268372
0.770604
-2.027936
-2.461454
2.757354
1.290764
-2.563915
0.688718
3.781267
-1.784295
-0.438441
1.047755
-2.128670
2.815155
3.391157
0.687017
-2.716691
-1.683413
-2.325228
-1.139706
-2.039891
-0.165026
1.157058
-0.869907
2.840219
-0.161050
3.572713
-1.825934
-1.458942
-2.416410
-0.770055
-0.029344
-0.222202
0.567879
1.136028
1.621589
0.955579
-0.740829
1.672158
-1.116136
-1.709869
2.701606
0.243003
2.325499
2.598401
-1.540741
1.242752
0.383667
-2.443023
3.359264
-1.302448
3.990143
1.200586
-2.818945
-1.831548
-1.460734
-1.419012
3.644757
-1.039143
-1.614150
1.575762
3.285271
-2.381674
1.982178
3.113268
-2.706841
-2.759489
2.452214
3.528677
-1.535250
2.260510
-0.955518
-0.150391
-0.746571
2.801243
-2.118376
0.326964
3.300307
-2.565781
1.577381
3.818365
1.559746
3.925129
0.812153
-1.896314
3.548934
3.375482
-1.787174
-2.992848
1.050594
1.171537
-1.704557
3.961466
-1.675988
3.260823
3.670174
0.732260
1.617547
-0.266422
-2.110546
1.007299
-0.783054
2.724185
-1.796649
3.730489
3.112200
2.160633
3.828844
-0.925978
-1.350518
1.750827
0.956279
2.249654
3.961486
2.153058
3.870673
-0.962107
-0.278093
0.567656
0.419704
2.922066
1.966368
2.137522
-1.554471
-1.255552
-0.907761
1.845214
0.779761
1.007759
3.153616
0.160174
1.043528
2.008597
2.015963
1.479972
2.819870
1.390895
-0.920662
-1.818935
1.832178
0.146869
2.723936
2.908391
-1.847725
-2.517458
0.191729
-1.814844
-2.163145
3.339632
0.899586
-0.719255
-0.851011
3.574266
-2.128507
-1.545335
1.561973
0.942808
-0.515121
-0.088376
1.869142
3.414969
3.530027
-1.692430
2.065135
2.719831
-1.098907
-0.983050
0.085500
3.563125
3.104373
3.711463
-1.810607
0.668862
0.596273
2.777729
1.137685
-0.658231
1.348259
3.085333
2.131521
-0.880796
1.591308
-2.945816
1.731180
1.104809
0.243371
-1.846455
-0.987640
-0.813152
1.351778
1.632243
3.635202
1.105226
-1.425687
1.759665
-2.350864
3.190582
-1.783866
2.162505
2.898780
1.335860
-0.447006
1.870424
3.570340
-0.961809
-0.068986
-2.155013
2.374335
-0.705772
0.780675
1.796092
2.715480
-1.136085
-0.086612
-0.143060
0.202555
2.940271
-1.187020
2.900261
2.366510
0.055928
1.339610
-2.932001
3.238900
3.585015
-0.061571
-1.822923
-0.193476
2.816031
3.027913
-1.858953
3.213979
-0.650587
-1.133626
3.520283
-1.964073
3.772341
-1.872690
2.339940
0.999867
0.210688
-1.767862
1.703114
3.083201
1.103262
-1.249872
-1.599685
1.192497
-0.508283
-1.628052
0.057686
3.223336
3.017565
-2.743345
-1.404177
1.810455
3.318373
0.726858
-0.267068
-2.682785
0.250755
-0.100841
1.282489
-2.089881
0.892201
3.218143
-1.777241
2.270734
-1.117579
-1.705050
1.774838
-2.914507
2.186259
2.445246
2.338807
0.340014
0.143488
0.608032
-0.231615
2.934065
3.241043
0.323732
0.214695
2.733598
0.589373
-0.551512
2.074074
-0.919834
3.193089
2.802270
2.210869
1.580529
-1.251260
2.396276
-0.061398
-0.786679
2.664478
2.932635
2.617871
-0.717360
-2.834545
1.665529
-2.293301
0.442613
-1.203449
2.754456
2.483050
-1.303786
0.429128
-1.371983
-0.637099
-2.502606
-2.499703
0.481930
1.961513
-2.998513
3.752524
1.061033
3.705845
-2.755160
-2.257378
0.140455
1.273959
2.141221
-0.571399
-0.609198
0.016420
-1.480371
2.189420
-1.546130
-2.225110
-0.034730
3.268682
-2.202537
3.693272
0.774395
0.411104
3.348631
-2.259917
2.968529
-2.350601
-1.585545
0.058512
-0.920683
-2.275886
0.522484
3.622646
0.619482
-2.013076
-0.075886
3.703067
3.522147
-2.191027
-0.975028
2.158894
1.680843
-0.180098
3.762250
0.317350
1.223364
0.077779
1.291591
-0.365323
-2.310216
0.149390
3.778211
1.567260
-0.715518
0.527582
1.720936
-2.705562
3.776114
-0.058590
3.097086
2.228126
0.569152
3.763280
-2.012838
-1.586165
-1.206840
3.871292
-2.559882
2.438809
2.771749
0.742668
3.399516
3.800318
1.323707
0.517672
2.968604
-2.920875
-2.928866
-0.620782
3.862542
-0.910729
3.677660
1.210215
-1.982863
2.270659
3.746166
-1.184945
2.314083
1.207923
-2.597836
1.330902
2.528769
-0.333612
-0.957061
-1.976518
1.167746
1.759391
3.131636
-2.660691
1.017745
-1.678575
-2.402672
-0.908280
0.294299
3.638432
3.626239
2.577871
-0.342553
-1.569636
-1.711219
2.050602
0.702586
-2.441664
-0.458164
3.956009
0.953523
1.250700
3.124130
0.350019
-2.318477
2.767381
0.806977
1.460064
3.512573
-0.644649
-2.127234
0.808454
0.434255
3.441817
0.447101
1.417277
1.285086
3.739202
-0.023123
-2.280360
1.472786
-1.534269
-0.435291
2.333215
-1.454351
-1.297224
2.192114
-0.441330
-0.787688
2.333504
2.642125
-0.228731
-0.320490
2.777658
3.178524
-1.299948
0.567781
-1.907746
1.524993
3.262351
-1.527260
-1.853438
3.825477
3.354504
2.724010
0.521416
0.162042
3.084905
3.622778
3.146177
-2.655989
2.267535
-0.564989
2.167408
2.583070
-1.887626
2.279284
3.003946
0.032269
3.423322
-0.967772
-0.534367
0.596647
3.300612
-1.187914
3.791743
1.673026
-0.808620
-1.490357
0.352027
-0.114902
0.788604
-2.811172
-1.588878
2.367093
3.135158
-2.157351
-2.278525
1.584375
1.593143
2.780971
3.011273
-0.074469
-2.700541
-1.939005
-0.232025
-0.911573
-0.168252
1.508543
2.961960
0.756442
2.913277
1.009098
-1.703252
-0.065160
-1.706083
0.292069
3.733224
-1.522429
-2.609102
1.347402
2.115223
2.394500
-0.241073
-2.861051
1.488901
2.755151
-0.283892
-2.173774
-1.354197
3.652833
0.338510
-0.375947
2.453828
1.194765
-0.541983
1.768946
-1.309428
2.335830
-2.999973
2.382552
-1.817794
-1.190395
-1.242187
2.618627
-1.786198
3.591755
2.549946
0.543167
3.265129
-0.794568
3.285409
-2.565022
1.409755
-0.053637
1.438537
0.680060
3.064821
3.460450
2.033345
1.889046
-2.434727
0.057695
1.297005
0.744013
3.923726
-0.630660
-2.954149
-1.355329
1.373008
-0.006971
2.028250
0.172020
2.390724
2.943947
0.187797
-2.098519
2.437123
3.108661
1.112623
0.609939
0.970466
-2.633856
-1.465410
2.524755
0.237305
1.806853
2.978248
3.447994
3.043929
0.152825
-1.228563
-0.248575
2.077170
-2.471282
3.488846
3.537544
1.499045
-2.857016
0.471643
-0.682009
1.838349
3.023955
-1.873529
-0.301766
3.084019
2.932890
-0.397846
0.792391
-0.076471
-0.754471
-0.705305
2.886739
0.936186
1.459550
3.681818
-1.856631
-1.893727
-0.003290
-0.104385
3.997631
1.344793
-2.867422
2.311866
2.088963
1.579239
-2.295036
-0.009570
3.342540
2.605421
1.973230
2.908569
2.242161
-2.758634
-2.393669
1.335198
3.101734
-1.007371
-2.899298
-1.414515
2.673533
-1.976210
-2.159865
0.069507
-0.340849
3.072113
1.543199
2.081065
1.324393
1.325379
-1.555330
3.917688
0.728657
3.170370
-2.930342
2.059626
1.218328
0.536424
2.445377
1.660049
1.352842
-0.555955
-2.588670
0.259853
3.047505
-0.806644
-1.125869
-2.794726
-2.539997
3.430600
1.309142
-0.795205
1.404646
0.167874
-1.165753
-1.878322
2.854073
-2.959885
-2.005477
0.429746
1.904924
2.950439
-2.817026
-0.763917
1.412533
2.740910
-1.095957
-0.699740
0.965803
2.737705
-1.623547
2.963245
1.666005
-2.373390
-2.819497
-1.581801
2.263821
1.467646
3.258779
0.956717
1.901330
2.323252
-2.681383
0.906856
-1.961088
3.040411
-2.997265
1.624481
1.879429
-1.441834
1.419822
-1.863277
0.959500
3.148333
-2.106390
3.950712
3.681495
3.602711
-2.071550
-2.456538
-0.351960
3.852080
-0.478079
3.554436
2.301345
-2.555634
-0.820518
-1.589157
-0.452293
0.895111
-1.976526
1.033866
0.035147
-0.678061
-1.542189
2.642298
0.239103
-1.546530
3.082019
2.251586
-1.322443
0.003618
-0.787961
0.796801
2.892763
3.743520
-1.654548
-0.282772
1.346148
3.258835
3.869583
1.837085
-0.788190
3.506891
3.188770
1.169606
3.088248
0.558949
-1.430271
2.928413
-1.420961
3.834055
-1.258495
-1.626418
3.171142
1.482431
-2.918999
2.780195
-2.638479
3.058882
-1.557167
0.164748
-1.545239
3.840041
-0.563803
1.624786
-1.602520
0.670276
1.852749
-2.683466
-0.558312
-0.570734
3.755653
3.577162
3.420391
2.363327
-1.231073
3.694280
-0.995755
-2.075145
-1.937186
2.560229
-2.159431
2.314646
-2.132678
0.086601
-2.961527
3.138312
2.351492
0.459108
-2.821529
3.523805
-1.651366
0.566957
0.254472
-0.743639
3.793763
-0.660063
-0.168655
-2.978363
-1.145985
-0.767987
2.990123
2.710392
-0.969189
1.710884
-2.237874
-1.216584
2.015357
3.082934
1.794601
-1.317437
-1.458249
3.985161
-2.580684
0.884500
-1.430117
2.095438
-0.949904
3.060401
-1.315477
-1.531707
-0.201201
-0.398379
3.697572
1.082801
-0.067906
0.576548
2.563434
1.648461
3.035678
3.447146
2.697024
-2.768746
-1.649259
-2.606075
1.558338
0.700813
3.119441
-1.747282
2.859520
-2.802793
0.574642
0.206141
1.991557
1.920111
-1.183665
2.936702
0.459986
-2.341365
2.639197
3.902567
2.160014
1.979832
-0.745255
0.444255
3.506999
-0.415264
3.695347
-2.839910
-1.414365
0.983350
-1.929860
3.707214
3.946752
1.502669
2.903446
-2.259403
1.475675
-0.977035
2.282281
1.798697
3.370387
2.494286
2.265293
-1.226965
1.855870
-1.745944
-0.004532
-2.904681
-2.972778
3.781618
2.401450
-2.327151
1.912126
2.150389
1.290780
1.814375
-2.561394
0.311874
0.579706
3.656181
1.743539
-0.903880
0.905991
0.428385
-1.286030
3.758660
0.568358
-0.476072
-2.349306
-0.277693
-1.786286
-1.851734
3.384119
-1.006523
-1.820700
3.650717
0.106474
-0.622545
2.260972
2.371391
-0.840715
2.661787
0.100109
1.391829
-1.442079
2.920997
0.528715
3.172239
-0.671161
3.000107
2.371101
2.973203
1.627441
0.871304
0.985081
2.464497
0.397812
3.098089
1.489248
3.550430
0.103245
1.777733
1.793340
0.159297
-2.035550
3.749745
0.800493
-2.288071
1.518160
1.603537
1.821440
3.737989
-2.358038
-1.687139
-0.155502
-2.290018
-1.054891
-2.723943
-2.595543
0.826866
-0.550035
-0.869886
-1.750247
3.850543
-0.870659
2.862702
-0.608619
-0.269748
-2.458491
0.918816
-1.857159
-1.555222
2.698983
0.449022
-2.388949
1.946351
1.010707
-2.897447
1.596770
2.864835
0.282691
2.194300
1.682249
3.806488
3.993474
0.167362
2.102963
-2.443442
-0.372045
-0.359796
0.391273
2.972379
0.833738
3.779340
0.128754
1.501407
2.099845
0.577296
3.941905
1.218847
-1.203606
3.219370
2.368532
3.136231
3.156778
3.509716
3.229523
1.515723
-2.980105
3.541415
2.557980
-2.089852
-0.852183
2.696899
-0.192969
2.477967
0.513519
1.347058
1.778249
0.826217
-2.720405
2.608371
3.714820
1.975171
-0.747428
-0.016242
1.538681
-0.628229
-2.085091
1.884151
2.299966
2.793943
2.271387
0.603053
-1.024984
-0.419304
-0.138704
3.515772
1.615903
1.703355
2.256748
0.964616
3.998844
-2.013378
2.704148
-1.684727
0.157806
0.164924
0.624414
3.095913
1.194294
0.638384
-2.482769
3.527881
-2.708559
-0.387693
3.195405
-2.072401
1.128948
-1.956481
2.405647
0.086583
2.424854
-0.984676
-0.738387
-0.011075
-2.582815
-0.211081
-2.737234
-1.519668
-0.307665
2.832466
1.237987
3.309360
1.165927
-2.418873
0.655790
-2.793684
0.570194
0.601822
0.944610
3.723603
0.577259
-2.940182
-0.489621
-0.053959
-2.787517
-0.990961
-0.075419
-2.302590
-1.061212
3.858329
3.769356
3.931493
1.011318
-1.365825
2.614493
2.623963
1.043739
2.252754
-0.678388
3.468400
1.287464
3.694501
-1.778092
0.485607
0.169923
3.198974
-2.939768
1.355970
3.239307
0.119955
1.347980
-0.135902
0.609857
3.894053
0.827184
2.542562
3.893703
-0.209087
-1.405760
-2.787126
0.129725
-2.332273
2.156580
-2.887024
2.152801
-2.885384
-1.318772
-0.692621
-1.453996
2.547482
0.541580
-1.536638
0.731061
1.131942
2.518608
1.675994
2.892535
1.722922
-2.478990
1.041913
-0.527419
1.403912
2.935669
1.226160
-0.444045
-1.967351
-0.594900
0.936115
0.495948
-1.081575
2.218214
3.119905
-0.269115
0.289469
-2.891346
3.610696
-1.784465
2.989256
0.870639
2.272246
-1.038067
1.940118
2.751555
3.048305
1.137369
3.527303
-2.571773
2.610111
2.416793
1.746794
-2.818897
2.080292
3.538470
-2.307816
2.469632
-0.670665
0.110736
2.142597
3.070358
-0.527735
0.138249
-2.725259
-1.746171
-0.722151
1.680380
-1.871584
-2.468461
-0.744029
2.762666
2.402468
1.191056
2.540323
1.431790
-2.916480
0.135325
3.665602
3.870130
0.729091
0.050348
-2.759651
1.150802
3.932405
2.130659
0.869491
-0.451797
-0.165341
1.202786
0.298459
0.841577
-2.326089
-0.629581
1.921930
-1.714246
-1.524200
-2.930873
-0.360299
3.223552
0.490825
-2.581721
-2.672010
2.718198
2.919654
1.099975
1.554543
-0.225207
1.038600
-0.211163
3.927534
-1.349086
-1.425015
0.635316
-2.938950
3.960057
-2.455626
-2.367857
-0.251006
3.964040
-0.217440
1.313271
-0.944188
-0.653285
-2.683387
2.782798
1.659863
-1.668512
1.337220
-1.690936
3.775071
2.783086
-2.615326
-1.018375
2.396731
3.988173
-1.528760
-2.938335
3.054488
2.040381
0.020822
2.190152
3.857067
-2.596203
-1.658785
0.889121
1.085554
1.063721
-0.240151
-1.033202
-0.212387
-1.859828
-0.220562
-2.428878
3.045931
-0.302047
-2.382124
-1.542851
3.426244
0.488969
-0.331936
0.919217
1.342234
1.081781
-2.562412
1.299809
1.251379
2.003100
1.758518
2.717353
0.865499
3.801598
0.058871
3.015411
2.893896
-0.735981
3.201394
-0.557387
-1.751969
3.365854
3.397480
0.648027
2.003449
-0.560526
1.322011
3.067355
-0.525094
2.642670
-1.042131
-0.094555
2.221823
-0.702393
2.685720
-1.419703
-2.640672
-1.896085
-1.514248
-1.956853
2.249584
3.288968
-0.850469
0.060287
3.325692
2.282094
1.308209
0.889171
-0.105920
-1.335520
2.898104
1.081136
-2.368669
-1.955971
1.716849
3.690728
-2.506002
1.420371
2.831533
2.775465
-1.533913
1.238735
-0.773057
1.603897
-2.907388
-1.047228
0.838240
0.574447
-1.275059
2.304070
3.639370
-0.564471
1.558503
-0.475217
-2.145880
-1.574081
2.954280
1.098157
-1.298093
3.835096
3.782702
3.501070
2.368954
2.654638
1.238690
1.719187
3.893522
3.462047
3.048013
2.000293
-1.801284
3.588455
-2.116153
-2.188041
3.232935
-0.406676
0.210064
2.098093
1.490149
0.993491
2.035101
1.220096
-0.266551
-2.640694
1.397979
3.862659
-1.825440
2.931198
-2.518764
2.539845
-2.974026
1.859039
3.218493
0.354162
0.892394
1.695163
-0.976659
0.591411
-1.053826
3.295623
0.216028
-2.424148
-2.633101
-0.454132
3.754189
2.641615
0.853096
-2.660262
2.120378
-2.918285
0.605914
3.861295
2.223545
0.304703
0.377173
-0.570477
-2.811129
1.145233
1.931802
1.144885
-2.365647
3.880221
3.466412
-0.604935
3.211963
2.909240
-0.961331
3.778516
2.022685
1.342598
1.234416
-2.342348
-1.219499
-1.247761
-1.876832
-1.927225
0.254007
-2.392662
3.305172
-0.309619
1.796327
3.772616
2.835468
2.963146
3.176704
-0.772600
0.396538
3.087653
-1.136250
2.389450
2.821679
-0.981266
2.949471
3.013638
1.716562
2.966622
0.035096
-1.001472
-2.379474
0.336106
-0.917001
-0.329906
3.801185
0.922696
0.719139
-1.775598
1.565272
-2.510691
0.194335
3.269459
-1.611607
2.516757
3.995435
3.914397
-1.470445
2.121706
-2.015861
-0.683151
-2.177353
3.867958
-1.528833
3.672278
0.639728
-0.474303
3.219358
-1.452137
-2.516147
1.554881
3.070479
-2.748259
0.255366
-1.948756
-0.145348
3.615574
2.937186
1.023591
-1.437644
3.918629
1.387319
-0.606745
2.736342
3.662826
2.727229
-0.666058
-2.327920
-1.094975
-0.405636
0.648959
2.273199
1.874852
1.247217
3.118112
2.896191
1.853858
-0.811774
0.336998
3.694464
1.521533
-2.076657
-0.971382
-0.689990
2.176261
2.782923
-2.876248
-1.756695
-1.381746
-0.564287
-0.022674
-1.099244
2.588095
-0.094717
-1.899036
2.001616
-2.106524
1.873065
2.561478
1.641714
1.054698
-2.569608
-2.242941
3.352226
-2.776658
3.730622
-1.233322
2.913435
2.990894
-1.552583
-1.214886
0.758005
3.262895
-0.712536
0.918021
0.417925
3.113392
0.284708
3.568026
-1.705050
-1.640641
2.816015
2.728824
-2.582663
-1.263678
-2.317294
-0.044786
-2.427881
3.187095
-1.799803
2.740296
1.946936
-0.146816
1.692163
-1.935522
-0.838682
3.185243
-1.117497
1.701605
3.224705
-2.456410
0.884078
0.586004
-2.386292
-2.912538
-2.749748
-1.877420
-1.222117
-1.760944
-1.823818
0.384347
3.142644
-2.340374
-2.589218
2.374639
2.612308
0.880124
-0.727842
-1.749540
-0.526452
2.299365
-0.935033
-1.213809
-1.768206
-0.313207
-1.795910
2.671398
-1.796010
0.612613
2.431789
-2.807396
2.401409
3.486172
-0.565637
-2.865878
1.398553
-0.467555
1.186884
-0.988892
-2.829557
-1.571700
0.615629
3.102675
-0.895389
1.041970
2.856636
1.519095
3.298897
2.634516
1.881845
2.765869
-2.798539
3.568000
3.752417
1.519136
3.874054
3.237092
-2.808294
1.719136
0.211859
1.566139
-0.310858
3.927334
0.281496
-1.739737
-0.839490
1.947459
2.940660
-0.811371
-2.986923
0.692948
-0.071641
-1.217167
-1.596542
2.383854
3.100574
1.211579
0.351966
1.062114
0.748575
1.425243
-2.303818
1.222419
3.716591
3.918997
-1.050229
1.923629
-0.204007
2.895344
-2.685447
0.216926
-1.998111
2.212702
-1.301207
2.485381
2.254119
1.582608
3.642159
1.875293
2.037972
-2.016652
1.068195
3.718763
0.989167
0.306557
2.038311
-2.588073
2.278875
-0.534041
1.308158
2.320844
-2.361402
2.822599
2.126818
3.634305
-0.089326
-2.938852
-1.937227
-2.747875
3.852232
3.550086
2.289857
3.798681
-0.563711
1.428877
-0.410784
-0.823314
0.687173
3.543683
2.707478
-0.341392
0.203816
2.372125
2.249967
-2.853782
1.046685
-1.549387
3.447020
0.841455
-1.803344
1.090987
2.981226
3.463206
-1.893707
-2.414441
2.706361
2.989127
1.462327
-1.442958
-2.049104
0.302695
3.325638
0.225423
0.154673
3.273516
-1.603880
-0.938013
0.159304
0.065260
-0.628121
1.006414
-0.516134
-2.053661
-1.230485
-0.410882
2.458786
3.566070
3.353926
2.340117
-1.189284
0.837489
3.963157
-0.447964
2.282770
0.374660
3.532157
0.774878
-1.348040
-2.233580
1.307396
0.729755
0.706642
3.810013
0.075891
-1.658517
-1.456309
0.387549
3.301743
-2.495213
1.311622
0.790179
3.167988
0.424886
-2.597065
-2.586225
3.823534
3.778083
0.319857
-1.071640
2.680321
-0.897737
-2.529949
-1.935072
0.912434
-2.777575
0.159632
0.289407
3.069390
3.005842
-1.783699
-2.158919
0.839511
2.200968
2.826351
-0.984865
3.320085
1.852492
-1.436481
-1.574548
1.628758
0.671364
-2.042302
1.658912
3.223013
1.304488
-1.593924
-1.628094
-2.932201
-1.142487
1.171357
0.116664
-0.621260
0.186428
0.660538
-1.282305
2.303392
-1.311010
-2.218973
0.953169
-0.241252
2.504523
1.695516
-0.041653
1.377778
3.946116
-2.571192
-0.148621
-0.851471
-0.419725
-0.235328
3.547437
-1.319540
1.323251
0.315809
-2.520388
2.965528
3.942337
-1.873280
-2.344638
3.145074
0.676899
-1.203960
-2.743599
2.577116
-0.962594
-1.361647
2.636946
2.590069
0.840089
2.791398
3.919770
-1.213006
0.124247
0.618536
0.705044
-0.486594
-0.782178
1.892583
2.485488
-2.724829
-2.359633
-1.614727
2.824718
1.588405
-1.304212
1.110162
-1.988150
3.075527
-0.829020
1.945901
-0.973034
0.586910
-2.239030
-1.806637
-2.259915
-0.890721
2.115597
-1.366863
-2.523673
0.494812
-1.780313
0.186802
2.479708
1.947990
2.884626
-0.615249
1.624812
-1.666346
2.968367
-0.531202
-0.353312
-0.993333
3.808972
0.450248
2.456493
-2.713293
-2.872383
-2.272048
0.257052
3.153704
-0.411846
2.306693
-0.457823
1.020957
-1.154222
-2.126004
1.478450
-1.721631
2.696184
-0.786285
1.091087
-0.345558
1.323534
1.883649
1.696326
0.987071
3.780027
2.739262
-2.635837
1.348113
3.833133
-0.421368
-0.526221
1.206515
-2.486011
-1.310567
0.274854
2.011577
-0.774971
0.213692
-2.825563
-2.823375
1.437792
-2.456512
-2.386174
-1.124104
-2.325440
-2.778424
-2.798689
0.090286
0.874483
3.846478
-2.379741
2.939620
2.430529
2.632583
3.402563
0.351460
-0.936122
1.981054
0.714065
-2.679517
-0.918213
1.919886
0.327537
-2.165517
-2.490333
2.312015
0.388568
1.142737
-0.427845
-0.092585
2.574356
0.292408
-1.963819
-0.099533
-2.052306
-2.855265
-0.406024
-1.638844
0.277126
3.090969
3.654755
-1.801634
-0.352940
-0.409649
-0.213532
0.482288
0.201205
3.309952
1.933956
2.670337
3.817851
-0.806611
-1.088247
-2.752056
-0.749950
1.692104
0.351545
-1.089016
3.170794
3.210712
-2.741379
-0.006607
-2.163029
-2.471851
2.368538
2.243850
1.266433
2.896197
1.521090
1.206796
-0.914236
-0.158252
-0.910175
-2.045090
-2.421587
-0.287530
-0.799505
-2.695870
0.600069
1.339969
-2.524484
0.634587
3.569274
0.626068
3.240119
1.225037
-2.622411
3.947300
0.038008
1.479087
-1.473495
1.474021
-0.582092
0.826872
-1.148515
-1.683145
-0.215657
-0.604920
-1.486819
1.529424
-0.420097
-0.571573
1.245581
-2.087128
1.322165
-0.829474
3.314450
3.274523
-2.470536
-0.070008
3.967280
-1.727234
-1.036867
1.839853
-2.542895
-2.946280
3.439113
-2.257270
-1.305703
0.401808
2.269099
-1.971848
-1.229825
2.647321
0.967938
1.344619
2.383348
-1.820763
2.263820
-1.139372
-0.191191
-0.560919
2.866460
-0.736609
2.589978
3.577367
1.056183
-2.433013
-0.617617
1.513671
-1.717458
-1.670386
3.662254
2.038869
-1.495785
0.609867
-0.737309
2.936613
3.369918
0.017090
0.720774
-2.041384
0.756434
-1.693620
1.892240
1.966647
1.299054
2.401390
2.336650
-0.218991
3.584366
1.334931
3.568908
-1.417410
-2.070130
-1.446259
-2.615045
-1.819076
2.056321
0.746631
1.908246
-2.492320
1.853554
3.438227
-1.874975
1.111922
-1.700935
1.244484
-2.763626
-0.809649
-2.543634
0.283857
1.142895
2.868577
-2.497823
1.630184
0.776793
-2.958452
-0.073268
2.198144
1.342242
-2.795858
-2.804845
2.514530
2.216488
2.065322
-0.535472
2.517121
-0.479237
0.785815
3.074520
-2.539143
1.484437
-2.243166
-2.981304
-1.597491
-0.301865
1.757896
3.545968
1.340635
-0.041453
3.050441
-1.891029
0.307453
3.932247
0.765556
2.806111
2.934229
-1.634273
-2.412939
1.117965
-2.420924
0.953547
0.062669
0.854348
0.562912
0.613413
-2.148060
0.314400
-1.546705
-0.219247
0.511838
-2.931612
-1.876273
-2.222787
-0.680554
2.030601
1.557593
3.234375
3.380224
0.820763
1.836617
-1.727364
-0.479399
-1.356699
3.585787
3.457533
-1.597771
2.614138
0.746306
-2.315629
1.191541
2.762046
-0.672168
1.290371
2.648415
-2.063082
3.818547
-0.682745
-1.650756
-1.563043
1.905572
2.657901
2.441819
1.492128
2.330287
0.159223
-0.943216
-0.198204
1.396086
1.675485
2.580221
-2.800641
1.711456
-0.258144
1.351915
1.286860
-1.619143
1.733333
1.483198
2.424322
-1.622157
2.674073
-2.171278
-2.219745
-0.634431
2.617998
3.165233
-2.980147
2.727794
0.059480
2.119769
-0.603625
-2.190486
0.957795
-2.304190
3.906880
1.671798
-0.140913
-1.166404
1.800538
1.826600
2.483001
-0.535234
1.613908
-0.824583
1.326618
1.456111
0.171926
-2.886942
-2.142311
-1.229530
-1.845610
1.669978
-0.644941
2.939968
3.256652
3.034046
1.057418
0.883389
-2.051239
3.525071
0.555874
-0.077385
2.753492
3.040089
0.578581
-2.172884
1.567636
-1.493703
1.698764
0.650537
-2.710904
3.974781
-1.812082
-1.783498
-1.303905
-0.646977
0.932769
-1.795818
-1.315145
-1.914949
3.118935
3.224216
1.253643
-1.069532
1.931638
0.087119
-1.352978
1.038670
-2.183280
3.357301
2.361837
-0.608773
2.607904
2.927084
-1.118367
1.520782
-2.996182
-0.058119
-0.976276
0.550180
2.406243
3.607529
-2.160487
0.211995
3.268083
3.601470
3.207365
-1.554540
0.062119
-2.989635
2.923778
-0.281602
-0.617477
-1.865275
-0.162378
0.850944
3.050103
2.809520
0.496141
-0.650302
2.057932
1.244354
2.513373
1.678820
1.670038
-1.112633
-0.711508
1.963850
-0.148783
3.784644
-1.570124
2.261209
-1.997881
1.444652
-0.316892
-1.480890
2.656378
0.114151
2.322273
0.772176
-2.408929
-2.083871
-1.862477
1.342075
3.044353
3.742039
2.909078
2.410744
0.936535
3.699371
-0.068175
-2.254268
2.871515
-1.660800
0.598186
-0.198272
-1.286817
3.082732
1.360326
2.869087
0.943616
0.198712
-1.651577
-2.104832
-0.049306
3.896540
-2.460572
-2.004867
0.705234
-0.383259
1.066204
-1.129879
0.432379
-2.093012
-2.634996
-0.935979
0.143295
-0.588835
3.615082
-2.011554
-0.682278
3.594446
1.679443
-1.179750
3.122603
-2.565450
2.948463
-2.922858
-0.240945
-1.234854
-0.409920
-2.918848
0.332664
0.104058
0.754051
1.895192
3.130444
1.862052
0.192916
-1.948213
1.198024
0.709158
3.368157
2.209288
3.831692
-0.369625
2.088388
2.240004
1.286079
-1.667724
-2.193522
0.982161
-1.141085
3.407401
-1.407020
0.429884
-0.622407
3.688881
1.352195
0.596846
-1.255216
0.497370
-1.339055
2.951018
2.697744
-0.699547
3.501957
-2.022046
1.161850
1.214905
-1.374642
-2.520262
-1.267407
-1.510013
2.150185
0.473387
-2.023254
-2.902419
1.299477
3.899983
0.762836
1.186647
-0.128016
1.114208
-2.691612
1.441909
-1.679776
3.556155
-2.833652
-1.413861
-0.555084
-0.431040
0.857469
-1.409183
-2.676368
1.330987
3.929236
-0.291338
0.340344
1.080317
2.891865
-0.282592
-2.253911
-1.646157
-0.761149
-1.455642
-2.966893
2.516340
2.389857
2.473181
2.247772
3.912409
0.383372
-2.380589
2.771233
2.226655
-2.818069
2.261141
3.296121
-2.915320
-2.245802
0.616421
3.221194
-0.639244
2.709235
-2.503213
3.870270
1.242648
2.481067
-1.010367
-0.478222
0.634046
-2.576416
-0.580672
3.245583
-0.766629
2.094053
-0.386619
1.516811
-2.958427
2.401828
-2.103374
-2.133199
1.620352
3.196469
2.814287
1.374704
1.647910
-0.702823
-0.527783
2.049981
0.216157
3.941545
1.415749
-2.305431
-2.941335
2.211779
0.808520
-0.821745
0.368870
-0.799132
0.369893
0.197749
3.955394
-2.058997
1.903080
-0.955725
0.230628
3.005756
3.948712
2.926165
0.585869
2.651959
3.939381
3.023049
3.906358
2.873543
-1.845965
0.377227
-2.552412
-2.010486
-1.799998
3.127010
1.690126
0.105912
3.991150
2.803025
2.255689
-2.488549
0.512709
-2.442614
3.195407
3.149448
-1.284111
-0.874915
-1.574517
-0.932555
-1.978830
0.565419
-2.352937
-0.095860
-0.369932
-1.635732
-0.674169
2.325862
1.085099
2.769679
-0.151571
1.999944
-1.878026
1.570826
-1.280816
1.566932
3.358236
3.329549
0.051351
-1.060684
2.306304
-0.874329
0.342351
1.210693
-0.028759
3.376167
1.767496
1.899888
-2.750405
3.227280
1.613552
-0.271279
-2.035798
-2.436352
3.505033
3.359093
0.434108
-2.646491
-0.949646
0.813437
1.591081
0.278444
1.077761
-2.499242
-2.161986
3.636786
-0.233579
2.199695
-2.222038
3.214597
3.511604
-2.705670
3.298171
-1.255339
1.056536
3.586885
-1.724303
0.120967
0.089502
3.259986
1.175083
2.425860
0.863778
1.126449
3.010244
2.938630
-0.691395
3.522640
-2.820993
-0.089188
-2.975842
-2.488961
-1.052864
-1.417775
-0.437422
3.615162
3.423764
-1.628723
-1.922732
0.208489
1.066616
2.396928
3.100312
2.534327
0.202620
-1.744622
2.630028
-0.933126
1.503959
-2.982457
2.577104
-2.954186
0.643593
-1.334135
3.686943
3.402921
-2.159116
2.490639
0.138485
1.160268
1.135095
2.225174
-0.971474
0.527888
1.319486
0.208106
0.434805
1.643452
0.605838
-1.533205
0.510298
0.416213
1.178504
-1.797436
-2.419337
1.706147
3.915810
0.209214
-1.233902
3.213525
3.390783
0.887369
0.891233
-0.425746
-1.751647
2.794797
3.201797
2.569152
1.089422
2.692702
1.919235
1.747472
3.721597
-0.098939
1.906422
-0.459439
-0.107996
0.667779
1.014020
-2.700100
-1.154577
-1.101393
1.831286
3.417837
2.361994
-1.269645
-1.755203
-2.970602
-0.042518
-1.084481
-1.408513
-1.615276
-1.311735
2.308926
-2.989681
-2.513646
-0.172858
1.072579
2.561609
2.148879
-1.077861
1.805319
2.491077
-1.606300
-1.664570
2.803960
-1.876753
3.216189
2.957749
0.090108
-0.851863
1.629434
2.377128
-2.470433
1.807372
0.388513
3.551403
-0.899762
-2.104346
-0.373865
3.066957
-1.885908
0.779523
3.772786
-2.227420
-0.352358
1.487696
2.737168
1.348561
1.511700
-1.140305
1.791534
1.812507
2.482489
1.949949
-2.926043
1.746690
2.952461
0.786652
2.748955
0.317543
-0.216114
3.048639
0.602634
2.341395
3.178792
3.471132
-2.730412
-2.664092
-1.945935
2.316022
-1.045847
-0.292511
-2.409858
2.626818
3.428467
-1.131749
2.751305
-2.547185
1.949010
-1.066107
0.006100
1.526917
-0.525671
0.643785
-0.028462
1.593782
-2.102678
-2.661990
1.772131
2.450288
-2.003201
1.484020
2.182039
0.694323
3.808016
-2.221354
3.946081
3.413072
3.268095
-2.609919
-2.424082
-2.179384
-1.548591
1.530161
-0.899637
3.724184
3.509070
3.177896
-2.813911
2.832976
2.086523
-0.979439
-2.028135
0.669246
-2.672455
3.091715
-2.951437
-0.798537
-1.893205
2.593985
-1.510961
-2.476668
2.457691
-2.832631
3.422334
3.349713
1.752845
-1.908877
2.973620
-2.424600
2.508101
-0.321567
0.286009
-0.845765
3.429519
-2.481338
-0.644742
-0.945519
-2.949337
-1.367029
2.363842
3.196405
0.327957
-1.056327
1.625439
-2.117803
3.772209
-1.472633
0.981310
-2.347488
2.885738
0.976631
1.229494
-0.281111
2.315346
-1.974731
1.203594
-2.673393
-2.950617
-1.709510
-2.047223
2.232560
-0.771622
2.798789
2.941559
-2.056595
-1.820859
2.227883
-2.390222
-2.184351
0.577433
-2.395220
-2.901404
1.489190
1.375314
2.095688
2.841770
-1.942986
-2.410626
-1.535157
1.945447
1.321961
2.916501
3.604410
2.593408
-1.681264
0.979098
2.065364
-1.205835
-0.834619
0.526654
-2.831019
-2.054300
1.977036
2.699790
-2.203356
2.233497
-0.865593
1.448722
-2.619088
0.304365
-0.908175
1.709855
0.628930
0.597727
-1.139827
0.424615
-2.565680
3.949455
3.237329
-1.019234
0.537645
-1.420964
2.361951
-1.056194
-2.680735
0.999587
2.545486
0.767472
3.574751
-1.720106
-0.474875
2.194832
-1.839535
0.045290
2.652818
-2.794677
-2.331258
-0.333487
-2.280549
2.002856
-1.818773
2.477873
-0.241541
3.006104
-0.179438
0.929297
2.592187
3.789390
-0.304575
-2.221703
-1.596953
2.185928
-1.311204
3.377739
1.855881
0.117806
-0.216797
2.971519
-1.952664
-2.121833
-0.091658
2.429832
1.290828
-2.813943
1.586389
-0.723132
-2.644068
0.564583
2.636203
0.714839
-1.050345
-2.311870
-0.349543
3.300204
0.293785
3.145452
2.243080
0.663698
1.696547
1.270760
0.658526
-0.311716
0.992753
-2.325533
2.895507
-1.137547
-1.394469
1.458042
2.874964
-2.129049
-1.840447
-1.417553
-2.694923
0.778042
0.430089
3.464339
3.135499
1.967943
-0.734829
-0.033857
1.722634
3.455993
3.521242
0.330385
1.042882
-2.396700
2.044230
-2.290679
-2.771694
-0.957088
0.738198
2.697454
3.147486
-2.777121
-1.928922
-0.701918
-1.419477
0.753242
1.061683
2.672730
1.578522
3.482213
1.862026
-2.073389
0.978284
2.707583
2.730895
3.595155
3.146162
-1.619429
-0.318125
2.557388
0.000689
3.343753
-0.150191
1.451039
-2.207949
0.193006
-1.818228
2.498313
3.537888
3.612272
-0.824391
1.348892
2.007871
2.260679
1.776608
-0.544613
1.104625
1.839626
3.283659
3.293283
1.465255
2.288448
1.458747
-0.292009
1.649917
-1.526203
-1.330264
-2.309291
1.074183
3.576898
-1.759205
-0.251528
-0.255115
2.529989
-0.535963
0.954161
0.160588
-2.797392
-0.672348
3.392058
-0.759811
1.636814
1.601969
1.874248
-0.271224
0.309730
-2.723292
0.513042
-1.923059
3.491582
-2.805141
-1.361861
-1.229974
2.450608
2.551639
1.852823
2.372703
0.394780
-2.427912
-2.522375
-1.950107
3.850743
-2.135867
-0.788212
-2.480158
3.527411
-0.464602
-2.922213
1.925851
-0.797762
2.773170
-0.463510
0.387927
3.717204
-0.809684
2.084197
-2.190135
0.669308
-2.213492
2.564907
3.221378
1.526480
-2.460309
3.780824
-2.109867
0.247097
-2.200206
-1.054623
3.530710
2.317004
-1.286723
0.332312
2.242788
-0.158879
2.784010
1.039266
-0.016316
0.862506
1.409478
3.059043
1.385875
-2.947261
-1.768512
1.079830
-1.893814
2.081164
2.949386
2.119075
-0.355975
3.278847
0.203638
1.669061
3.119797
1.319641
2.199982
1.271301
3.384823
0.712424
-1.993545
0.404488
0.574653
2.336008
3.551811
1.561076
3.411439
-1.229354
2.201843
-0.874804
-0.243276
3.039411
1.160456
-0.037624
0.043238
-0.635414
3.970457
1.697460
1.273491
1.651536
-2.227716
-2.455712
-0.087847
-2.453320
3.551184
-2.399795
-1.507381
-2.335948
2.363101
-1.303591
1.914249
-1.636675
0.409824
1.374473
0.827997
3.340123
1.759389
-1.583746
-0.572690
2.386403
2.506056
-0.826268
2.441830
0.418040
-1.215860
2.100783
3.139979
-0.885436
2.174422
1.118970
2.690311
2.921328
-1.158359
3.363843
-2.243642
-2.087105
0.963239
2.617769
-2.801429
0.057565
1.608863
1.331908
-2.542524
3.385076
-2.764857
1.427839
2.156459
-1.032152
-1.275282
-2.561140
-0.259355
-1.501736
2.461859
1.965042
3.186312
-2.659500
-0.192908
-2.912983
-2.202056
3.378466
1.343158
0.952888
-2.117010
1.874454
2.293589
-2.437407
3.950580
1.916832
-0.309032
-0.459292
-2.285446
-1.985615
0.723168
-1.623854
-1.467343
-0.093639
0.765022
-0.767502
-0.280690
-1.015134
3.421171
2.309198
3.261110
2.144185
1.646552
2.132249
-1.277176
1.103596
1.339514
3.062616
-1.668715
-1.408477
3.803559
1.851807
0.761565
-2.556886
0.616939
-0.978920
3.932151
-2.472431
-0.356905
-2.838726
1.748132
-2.330888
-2.890869
3.740322
3.497845
3.954114
3.974212
0.912552
3.828018
1.387558
1.468038
-1.200172
0.686646
1.530874
2.802440
-0.149092
-1.890058
3.582955
1.855031
-1.948453
0.589831
-1.429719
-1.286949
3.330757
-1.235789
-0.958216
-1.462323
-2.825981
1.903348
2.356787
1.879280
-0.041228
0.707653
-0.139565
-2.916767
3.341480
0.368350
3.253164
-0.774667
0.490853
-2.299683
2.533717
0.765279
-1.627576
3.375302
-2.770966
3.843647
-1.968123
-2.944057
1.286906
3.262392
-1.619312
-1.014370
-0.183948
-0.411354
-2.635207
3.488503
-0.961722
2.162925
-0.069006
2.397805
3.977828
3.572313
-0.287090
-2.130388
1.260149
-1.633309
-1.919618
3.486686
-1.251657
-2.068755
-2.223185
3.432744
-2.717062
2.740692
2.895995
-1.302053
3.914818
-1.707629
-0.485510
-0.696823
0.342604
3.877688
2.083634
-2.205699
-1.853137
-1.734097
1.492045
2.639555
3.805951
-0.706547
1.963401
2.464140
2.940286
-2.183150
-0.885972
1.417579
0.193536
-0.209155
-2.493291
0.614947
2.932498
0.907842
-1.675149
3.263643
-1.306113
3.121268
-0.262851
3.977595
-0.220616
3.893980
0.118778
-0.902266
3.636543
3.871941
-2.533068
-2.638922
2.060297
0.359844
-1.925438
-2.079208
-0.550921
-2.255323
1.009257
-0.792263
2.131816
2.911269
-1.632858
3.680238
3.429705
1.301730
-1.330012
-2.609552
-1.414824
-1.691334
-1.125233
3.790128
0.548080
-1.642154
-1.876881
-1.019693
1.253918
-2.321655
-1.522125
1.596025
1.947283
2.423742
2.533910
3.788385
2.471375
1.848656
3.340529
0.624390
3.372959
-0.271222
2.017710
-0.600359
2.440894
0.908128
1.863696
-0.344880
2.470449
0.219693
-0.727877
-2.671838
1.347312
3.265706
3.953135
0.766489
-0.976958
0.386355
1.469773
-0.630867
0.779136
0.384682
-0.701168
-2.575366
-1.123144
-2.791551
-1.140960
-0.434409
0.888441
3.044066
-0.100213
-2.284545
2.044174
2.118643
-1.223957
1.031976
-1.092157
-1.973411
-1.749355
0.663823
-0.047155
-0.491610
-1.289067
2.981256
0.973231
0.463576
-1.051723
-1.367356
-1.780040
3.473690
1.408798
3.030926
0.539062
3.399460
1.620062
-2.627178
3.656874
-2.746464
2.632304
-0.726862
-2.255175
-0.229548
2.047912
3.717010
-0.022304
-0.673427
2.191682
-2.780476
2.301871
-0.981285
0.230179
2.863187
2.419927
3.425972
-2.696208
-0.161228
0.213077
-2.276442
1.489431
-0.955296
-0.878758
1.840072
2.518508
-1.166585
1.470263
3.499514
1.186784
-2.463957
2.543494
-2.688280
3.244952
-0.439338
2.831810
-1.410227
-1.116720
-0.669254
-0.491740
-2.860509
3.698709
-0.669581
3.136745
-1.954952
-0.505250
-0.114618
3.417447
-2.155948
-2.197301
-1.872389
0.132620
-2.223397
-1.281231
2.613784
-0.130626
1.504150
-1.893211
2.174488
1.006952
-2.044517
0.159031
-2.974385
-0.197075
-1.977836
0.240211
-2.526529
0.250000
0.501486
-0.736924
3.846599
3.822635
1.176326
-1.039104
3.535966
-2.895192
1.334269
1.095296
3.195682
-0.820753
-0.160523
1.513081
0.144912
2.986593
-2.597160
3.422503
2.171561
1.946460
0.004992
3.611061
-2.966507
-2.388682
3.354516
2.787601
-1.280779
-0.616422
3.124661
-0.824850
2.374767
0.748791
1.046698
3.381885
3.629323
2.603377
-1.649914
1.063268
2.930560
-1.891123
2.913416
-2.333043
2.498525
2.007432
0.267002
2.671410
-2.882051
1.900332
-2.498206
1.568481
-1.079947
-1.623250
-0.454826
-1.483458
-0.318548
-0.079680
3.609590
0.317373
-2.099158
2.761271
-0.085581
2.059467
0.067730
-2.711604
-0.007671
3.766439
-1.262049
2.659348
2.487094
-1.870396
-1.420980
-1.928712
0.584009
0.973372
1.371770
-2.913073
1.497525
2.567514
1.729546
0.997078
3.000507
3.449964
3.893861
-0.460028
1.343937
1.212412
-1.473648
1.906607
-0.567349
0.502527
-1.828341
0.190221
-1.880202
-1.916596
2.048927
-1.463037
1.835634
0.015248
-0.788971
1.343098
-2.126518
1.055703
2.205521
0.011232
0.704288
-0.687739
2.447919
-1.639738
3.279790
1.616335
-0.639824
-1.794196
-0.504346
-1.945125
2.341073
2.451772
-2.301355
3.767166
2.286973
0.595166
-1.663288
2.470839
-1.905402
0.892607
-1.255439
-0.260243
0.395089
-1.206582
3.600579
2.190237
-2.954537
-2.163358
1.079380
3.765047
-0.299197
2.273050
3.140439
2.304865
1.197315
1.259918
1.929428
-2.490466
3.912509
-0.761523
-2.848355
1.147432
3.545750
3.970001
-1.706903
0.224927
1.167622
0.039736
-1.970770
1.103550
1.137775
2.547238
0.270970
0.902533
-2.648477
-0.607769
2.477324
0.561100
2.340204
0.007562
0.062674
0.427002
2.949758
-1.218039
-2.623767
-0.437783
0.952300
-2.416861
-2.119695
2.496440
-0.192060
-2.089086
0.353981
-2.182682
-0.644995
-0.422902
0.300543
3.315952
-1.812753
-1.584899
3.377937
2.599386
1.879124
3.847094
0.460467
-0.998593
-1.383183
-1.665994
-1.373357
-1.888267
0.714544
0.947065
-0.238546
0.700544
-0.492602
1.356392
2.177269
0.369633
-1.232921
1.371865
0.424360
0.850739
-1.487564
-0.153393
-0.769973
-1.668753
2.199493
-0.735714
-2.276640
-1.860315
-0.902031
3.338809
-0.826059
1.421574
-0.067271
-0.927194
0.065274
0.896006
1.622660
0.429342
-0.544908
1.085196
3.726704
1.039324
-2.903550
-0.374265
0.465008
-0.636947
3.277829
1.257404
-2.579515
1.225859
-0.497993
-1.055020
2.934700
3.188252
-2.815368
1.256245
-1.422624
0.483547
-1.056304
-2.942176
-0.999144
-1.044191
0.152370
-1.814428
1.704327
2.684198
-2.866969
-2.383668
3.538111
3.104213
0.470485
3.982901
1.190312
-2.244482
3.560040
-1.212898
1.134344
0.513042
2.916992
0.912227
-2.342298
1.631166
3.661706
-1.599054
-1.369561
0.554698
1.162490
-0.707822
-2.025403
2.831113
3.418697
0.816460
-2.993284
-1.710537
2.842218
-1.820943
3.707546
-0.877338
-1.846944
3.377183
-0.783347
2.768081
-2.211235
1.787327
2.809795
2.945041
-1.996429
2.352007
1.189542
3.302310
-0.834101
-1.090542
-1.659172
1.264405
-1.009126
-0.662018
-0.911155
1.344979
-2.367805
3.763835
-0.935404
1.227684
2.211626
-1.381940
1.020504
-2.388142
3.079690
-2.186227
3.388328
-0.069147
2.849101
0.675495
-1.198024
-0.447767
1.620034
1.136900
3.112977
-1.883520
-1.567950
3.395294
-0.535029
-1.183898
0.478165
1.307355
3.059718
-2.902773
3.371105
-0.428066
-2.388343
1.816116
3.589394
-1.837516
-2.489415
-0.438330
-1.437466
0.176237
1.125021
0.460852
0.975594
-2.110551
-2.129799
-0.531434
-0.536193
3.360953
-0.820816
0.460794
1.257903
-2.232750
0.078042
1.208766
3.969726
-0.323991
1.555885
-0.235423
-1.157090
0.811663
2.560828
0.448222
2.861084
0.245412
2.456391
0.836135
2.298436
3.591407
-0.488132
-2.811815
0.075202
-2.919562
3.127464
2.975551
3.665405
-2.333874
-0.489756
-2.517278
-2.838965
3.113168
1.490713
1.096655
2.010511
0.489815
0.682316
1.451722
2.878935
-2.450224
3.684059
-0.400974
-2.074391
0.926805
0.159708
1.027291
1.661967
1.084976
0.636511
-0.805223
-2.735594
-2.422284
-2.321934
-1.994476
1.520981
-0.778295
-2.613253
0.815791
2.512454
3.978427
1.059341
0.903607
-1.007265
-2.682680
-0.933522
3.017764
-1.176085
-0.388987
2.311960
1.617459
2.119535
-1.161064
1.554355
0.345172
2.861112
2.945649
-2.692599
-2.005668
-1.711786
-1.378443
3.492097
-2.884848
-0.684559
-2.834030
-1.358357
0.030790
0.391443
3.993547
-1.512539
-0.451370
-0.679537
3.624648
-2.530051
1.829507
-1.821870
1.381978
-2.152348
-2.154095
3.711857
2.494686
1.696139
2.608989
-1.630062
3.241407
0.556405
-0.789967
2.436313
0.917687
0.011479
1.405246
-1.342796
3.613311
-0.703653
3.335528
-1.456808
3.979511
1.826895
0.701945
2.809695
0.884464
0.670176
0.846069
1.375341
0.117511
0.153955
-1.003462
1.814098
-0.753923
1.387889
3.579461
-0.309797
0.850017
3.915653
0.381318
0.979056
2.888333
1.999917
-0.531217
-1.570446
-1.992786
2.870377
1.807116
-2.847625
3.044650
3.530689
-1.041307
-2.846855
-1.091305
1.600304
0.072781
-2.372394
3.174326
-1.486082
0.853091
0.740749
3.764940
2.969296
2.429801
2.223886
3.491923
3.434589
-2.126868
3.419756
2.539509
0.026754
-0.360200
3.526484
2.475155
-1.580292
-2.741788
-1.964284
-1.384278
2.822922
-2.129856
-2.235474
-1.615663
3.547546
-2.185625
2.283125
-0.313913
-1.536844
-0.485757
2.845035
0.092922
-1.582883
-2.701826
2.478991
1.586353
-1.836028
-1.968850
-2.261123
-1.838795
3.938745
3.949768
0.332208
-2.628201
-0.976263
-0.267327
2.909479
1.333124
-1.515958
1.407244
-1.634131
-1.999982
1.031924
0.829107
-2.038382
2.008570
-1.157701
1.652735
-2.148275
0.041808
2.968436
3.801025
-0.444158
1.193551
2.008962
3.863474
3.084871
3.713881
1.819098
3.212213
-2.701541
3.190208
1.827903
2.548954
2.624275
-2.054324
-0.205967
-1.240548
0.671786
3.654384
2.644913
0.321211
-1.096681
0.989672
3.207303
-1.430014
1.812745
3.620631
-0.358465
-0.901054
-1.579017
-1.298632
2.131852
1.876146
0.114788
-1.517331
-1.971152
-1.403058
1.260815
3.916858
0.692635
3.682581
1.750390
-1.571850
-0.877512
0.419015
1.734473
0.843631
3.073596
-2.610218
1.370226
3.140242
2.055053
0.073665
1.791844
-2.001460
-2.349044
0.587314
-2.883530
3.632996
0.627725
-2.195790
1.624274
-2.682139
0.916488
0.465483
2.257990
-1.726148
0.168178
-0.660123
-2.799367
2.009056
-1.681116
1.478846
-1.477688
-2.502871
2.561434
3.886689
3.742399
1.586314
1.972060
-1.898173
0.874648
3.793634
-0.755308
-1.453909
-2.263906
-2.986423
-2.815212
-2.530331
-1.984786
-1.703016
0.342559
0.403256
-0.926594
1.372643
0.468686
0.435584
-1.544443
1.730311
0.712286
-1.639802
-1.856720
1.943180
2.833693
-0.479337
-1.082452
-2.768747
1.777748
1.919845
1.302629
-1.000515
-1.034006
3.872118
1.874274
-2.674914
0.707151
1.275440
-1.050423
-2.369068
3.014693
-2.072210
-2.478807
-0.479542
2.159572
-2.405408
-0.381385
3.238564
-0.617352
1.774178
-0.060535
0.335758
-1.172279
1.332856
0.991429
1.364669
-0.042790
0.894044
3.008702
0.078537
0.457526
0.030997
1.594466
0.634480
-0.039217
2.302490
1.968560
0.676133
0.694036
3.336693
0.117593
-0.342813
-0.720636
2.270971
-1.036444
0.919267
0.579028
-0.208134
-0.288843
1.592496
1.202504
3.255321
-2.831499
-1.911180
3.232718
1.629289
1.000690
3.932566
1.390635
2.159727
-1.517396
-0.686398
-0.221890
-0.693853
2.298998
3.988160
3.912349
3.485827
3.120586
0.018096
3.812233
-1.803663
2.955983
1.045917
0.999817
-1.867764
3.412892
-0.061835
-1.776630
3.819467
-2.224104
2.941407
-0.840712
1.917409
1.096055
0.191071
1.859890
3.540292
1.397803
1.840356
0.004941
0.905544
1.974263
1.585884
1.897515
2.658536
-0.650423
3.879998
1.140498
-1.552008
0.386895
3.800376
-0.792728
0.737128
-1.060160
1.295540
-2.120851
3.506218
-1.323302
3.822359
3.334028
-0.115317
-1.569294
-1.328699
-2.203444
2.793588
2.829103
0.863662
-2.892174
1.959439
-2.909778
1.361267
-2.266550
0.767199
-1.978349
-2.716854
1.174648
-0.464523
-2.235305
-1.571750
0.710361
2.263310
3.221966
2.359832
-1.364392
-0.188229
1.059083
1.574829
-2.561513
-2.776194
0.063296
2.018831
1.752228
-0.820811
-1.854522
3.771843
-0.581692
0.662614
-1.091411
-1.631455
-2.309184
3.822877
-2.545909
2.889776
-0.946785
2.382327
-1.877445
3.129556
0.244124
3.955519
2.486898
2.568434
1.554503
-2.001732
-1.845384
3.024402
0.359851
1.151163
-1.284114
2.885820
-0.260197
0.898027
-2.229548
3.594768
-2.995189
1.579133
-2.016204
-0.469904
2.537064
2.613824
1.949515
3.785738
2.671745
-2.439537
0.416147
-1.431986
-2.293442
-2.344971
2.505541
-1.699456
2.564743
3.869082
-1.215240
-1.131765
3.628970
2.063835
-1.900400
1.670120
-0.184514
0.473878
1.242091
3.711994
1.422278
2.000664
1.708299
3.503296
-0.520518
2.984100
-1.697254
1.451449
-1.818351
3.015173
1.604825
0.222491
0.701364
3.006219
1.386249
0.021045
1.379012
-0.780132
2.946753
0.665373
1.058219
-1.663093
-1.109794
0.602353
-1.205936
-0.082907
-2.693477
2.515554
-0.414255
-1.350781
0.038611
-0.421093
-1.669460
3.982418
-2.457614
-1.117804
2.541937
0.374942
-1.243958
-2.357376
-0.736140
1.940915
1.237816
3.395087
3.519189
-1.053552
0.701734
3.588686
0.597542
1.056682
-1.530282
-0.048125
-0.344324
0.156422
0.846346
-2.051530
-1.930111
-1.156212
-2.931128
0.772187
-1.216842
-2.722106
0.375255
2.701009
0.981322
-1.588434
2.181647
-2.854178
-1.067147
3.836139
-1.211812
3.170497
3.490556
3.090902
2.847074
0.511824
1.700587
-0.857192
3.432310
1.184168
2.340291
0.488294
2.094614
2.778675
-2.473813
1.629321
-0.461796
-1.618561
2.396820
2.357201
-2.995795
2.771312
-0.680100
-2.053566
-0.278377
3.729355
-1.690931
1.002253
-2.225477
2.837948
-1.958061
2.211821
-0.528599
-2.433794
0.214139
2.344281
0.374735
1.473856
1.901052
-2.100600
2.211811
1.057559
-0.497569
-1.717772
1.290861
3.679340
-2.827950
-2.339138
-1.399786
-0.376647
3.388976
-1.631827
-2.357600
3.875074
0.813090
-0.818435
-1.637748
-0.709377
3.111017
0.864190
-2.207849
2.122530
3.393826
-0.177290
3.812616
2.483596
-1.252531
2.358923
-2.626992
3.949938
-1.497819
2.178574
-2.251472
0.518914
2.246469
-0.545441
-1.060588
-0.221347
-1.476982
2.569458
3.387675
0.304692
2.592631
1.402190
-1.752147
2.405352
3.616473
-2.642767
-1.514050
-1.807445
1.309852
-0.534432
-1.459187
0.657496
-0.144074
-0.912798
2.009359
1.744113
0.996739
-1.740430
2.288524
-2.201189
1.574433
-0.010310
-1.260601
3.623762
-2.649230
2.141262
-2.921290
-1.921394
-1.034564
3.676136
-2.592143
3.444093
3.274163
-2.451718
1.861057
-1.506915
2.736918
-1.284104
3.767055
-0.046597
-1.602011
3.142726
0.696000
2.440071
-2.203214
3.319206
3.782555
-0.599115
-1.124326
2.820621
-2.214073
1.251676
-0.173214
-1.857534
-0.640764
2.508052
0.458627
-0.215757
-1.811351
-2.488005
-0.836810
-0.710088
0.633435
0.804857
-0.995094
-2.856897
-2.926830
1.346480
3.264692
-1.081799
0.937216
-1.214082
2.534674
0.324482
0.235225
0.701112
-1.562902
1.268491
3.191732
0.413962
-0.408571
-1.583021
3.386590
-0.898156
1.763052
-1.741009
-0.341738
0.313847
0.716666
-0.412291
0.541006
2.487539
3.434846
-0.930723
3.134556
-1.642438
-2.519449
0.521439
-1.661213
-0.001110
-1.990373
0.558322
3.282762
2.300224
1.073064
-1.051330
-2.565130
3.983013
0.157520
1.979182
1.912029
-0.185401
2.970415
1.778226
1.133888
3.247655
-2.551151
-2.139727
2.826935
-2.047081
-0.918929
1.356543
-2.621197
3.759722
-0.440751
-1.838506
0.293503
3.170592
3.757416
3.423943
-1.162983
3.199891
3.007912
-2.499557
-2.338643
-1.703223
-1.408649
-0.652202
-2.883214
2.189716
3.243743
-2.678722
2.903519
3.600886
-1.332421
2.091505
-0.064142
-2.171576
2.877192
3.881642
1.892113
-2.359603
1.927015
0.053058
2.584060
3.571538
2.791425
-1.278443
-0.870708
3.960419
-1.418003
1.822330
1.522382
3.613036
3.100420
0.513464
0.120716
-0.382550
-0.315415
-2.112117
0.818942
0.484609
2.641349
3.233188
3.104251
-1.044538
-0.861267
-1.268126
0.159019
-2.913817
3.479495
-1.976761
3.368649
-1.072236
-0.572591
-0.415770
-2.112508
-2.427509
-2.104560
0.500489
3.198023
1.003990
0.067471
-1.697834
2.480016
-0.605772
0.869612
0.624433
1.146141
2.540890
3.323338
0.491395
-1.796544
-1.309961
2.188090
-0.993199
-1.764862
-0.977995
0.202575
1.327464
-2.221771
1.241068
2.630370
0.753433
1.711601
-2.620455
2.411812
2.864409
2.833295
1.283932
1.214182
-2.408839
2.629412
-0.530091
2.967730
-0.754927
2.613043
0.632454
0.693910
-1.972637
-1.239860
0.617443
1.008280
1.895106
-1.950995
3.007869
-1.396881
3.696888
-2.510489
3.059778
-2.330976
-0.407378
-1.412077
1.240650
-1.456269
3.773045
3.260459
-1.749760
-2.323403
-2.638257
2.857940
-0.485644
3.889665
-1.435582
-0.531163
3.303778
-2.391962
-2.429849
-0.009432
3.195357
0.860151
2.459255
-0.129511
2.380135
0.130540
0.260664
2.994289
0.564502
-0.252930
3.739207
1.984403
2.550992
3.513844
1.832733
1.169150
3.041970
0.780700
0.536025
-0.683140
0.850055
1.011989
0.858298
0.374776
-2.091511
2.175943
0.297963
-1.112363
3.224830
-0.240655
2.726698
-1.477467
2.089083
-1.379539
0.017992
-0.977983
2.961390
-2.807252
1.484932
-1.897988
2.978538
0.324043
-0.043613
3.573709
-0.220200
0.167526
-1.546146
1.429949
2.732607
2.740784
-1.562385
-1.672806
2.154635
-0.827076
0.074001
3.515678
2.612900
1.326203
2.888221
-1.623232
3.302131
-2.145159
-2.164258
2.364017
0.252736
-2.747230
1.218865
0.305304
-2.652664
-0.997553
-2.550973
-1.671291
-0.089470
-0.870884
3.892574
-0.297766
1.153460
1.113455
0.018705
-0.285596
-0.961920
-1.241023
3.943849
1.185012
3.294159
-2.743605
3.544076
-1.507750
1.004894
0.101446
-1.356413
-1.573192
0.865299
-2.060842
-0.961461
-2.481329
3.884735
2.456062
-1.345036
3.402848
0.677628
-0.390817
1.999678
-1.339356
-0.165459
-0.275618
0.200943
3.181757
-2.048305
-0.783117
-2.945238
-0.677032
-2.875479
1.081348
1.459775
-2.865809
-0.396374
-1.534896
-1.650948
1.229163
0.534247
-2.917531
1.011798
-2.922463
1.363666
0.715354
2.061646
0.342277
2.292354
2.466189
-2.086382
1.596467
-0.802337
-0.028540
-0.792865
2.250531
-1.096582
2.446355
2.015789
-1.829125
-0.960720
-0.821444
3.837282
-1.479026
-2.284017
-1.983305
-0.804947
3.030187
-2.491147
-0.343047
3.796436
3.856318
0.178351
2.357207
-1.155072
-2.077057
1.917477
-0.071256
1.879694
2.844383
-1.005659
2.733716
-1.786993
-1.382382
-0.118491
0.397155
1.560495
3.443351
-1.099028
-0.273045
0.030177
1.499508
-0.170911
0.526410
-0.708816
-1.183323
1.641836
-0.801427
2.887487
3.380074
3.558793
1.191064
-1.368084
0.989072
-1.960526
-0.873011
0.008201
-2.816296
2.205294
-1.898238
2.374019
3.384281
-0.314916
1.195676
-2.830165
3.903967
1.617166
-0.032156
1.453162
2.607328
0.388624
-0.338937
-2.533752
3.546009
-0.445731
-1.642095
0.345003
0.339184
-2.417454
1.598826
-2.784471
1.878417
0.659110
-2.452781
3.109382
1.855070
0.176343
1.512771
0.285897
0.498807
-0.238070
-1.980893
-1.655034
0.120575
-1.387466
3.568314
-1.107165
-0.862963
1.441591
2.751412
-2.698748
0.095527
2.430748
-2.544620
-2.071103
-0.429860
1.258321
-1.326255
-1.412463
3.291753
1.751607
-1.400355
-2.268153
-1.176081
-2.902119
-1.965919
-2.246936
3.853378
1.866559
3.924430
0.891552
1.257257
1.636529
0.248312
-1.001255
0.375236
0.501519
1.711053
0.394765
-1.612909
0.153660
2.280513
-0.609765
-1.994911
3.724619
3.591391
-2.469216
2.477941
-1.201947
0.718002
1.057190
2.261553
3.947422
0.750703
1.229681
-2.051273
3.466215
1.838441
1.439621
3.480113
-0.021224
-2.005923
2.456237
-0.147974
-2.263493
-0.803395
2.323168
-0.111591
-1.293820
2.731128
-2.118237
2.122018
1.805933
-0.875494
-1.506715
-0.175626
0.376152
1.942890
-2.213525
-1.592293
-0.269527
-2.343301
-0.797754
-2.097096
-2.590410
-2.683843
1.334638
-0.728882
-2.110106
-0.370237
3.676216
1.002634
3.465950
-2.582126
-2.654047
3.709308
0.832704
3.568093
-1.310659
-1.453916
0.010486
3.690570
2.528292
1.570876
-0.708009
2.378302
-0.745243
-1.513664
-1.970289
-0.431815
1.695872
2.210917
3.057308
3.933107
1.170807
-1.514820
0.009453
-1.434385
-2.093693
1.606600
0.195987
-2.802892
3.032726
0.117393
-1.300202
0.755415
3.865948
2.521535
-1.689366
-1.116703
3.027847
-1.511271
3.636563
-0.999357
0.907171
0.805586
2.512315
0.066563
1.799278
-2.144561
-0.070386
0.545074
2.464007
0.048667
1.613933
1.400044
0.608567
1.468409
1.950479
3.640861
0.808001
-2.304051
-2.406223
2.781896
-2.514075
-1.827443
-2.803296
0.545354
1.223389
-2.765344
2.894448
-0.739678
1.719218
3.844717
-1.704306
-0.550035
-1.022239
2.666792
3.808366
3.360138
2.725742
0.545039
-0.442082
1.662366
1.963911
-1.218323
2.336028
2.641021
-1.826030
-0.871265
3.773638
0.357489
2.613594
1.460937
-1.719448
-2.344526
3.641577
0.469055
3.794082
-0.133287
-2.568104
-2.361562
-0.046397
0.075561
-2.558946
-2.275424
0.524610
-2.554492
1.245818
0.414854
0.193386
2.066033
2.208290
3.217749
-2.743877
2.211369
1.624283
1.948561
-1.147055
-1.715292
-0.025216
1.591429
0.906077
-2.695767
-1.187380
0.444886
-0.761048
1.916082
-1.623883
-0.559514
-1.538574
0.720710
1.403236
2.058810
-2.045516
2.500816
1.127171
-1.097178
3.020450
3.992928
2.448900
-1.815498
-0.781850
-1.507159
1.385403
2.665797
1.094034
0.188878
-2.464428
3.351351
2.002752
-2.238796
-0.813753
-2.183009
-0.903420
0.299429
-1.003024
-0.994461
1.002759
2.175046
1.553734
2.833374
1.254316
1.731810
-0.154726
-2.938271
-0.311488
-0.730415
-1.751444
-1.712011
1.537202
2.169751
-0.897436
1.149379
3.576269
3.501255
0.603575
1.166373
-1.087386
-2.825942
-1.782415
1.467690
1.996255
-1.558910
-0.131398
3.943206
2.420779
1.649770
0.906959
3.454342
-1.485561
3.565774
-0.952349
2.090870
2.519024
2.811037
-2.856654
-2.818396
3.226390
2.660619
-1.559773
-2.199373
2.506503
-0.034456
-1.681825
-2.001806
-2.614285
-2.474045
2.234685
3.393179
2.601765
0.291842
-1.845089
-2.122210
1.988271
-0.770252
-2.806035
3.574530
1.039565
-1.792981
-1.780047
0.128937
1.068744
3.968521
1.352781
0.038201
-1.591391
0.180414
3.430686
1.017982
1.812759
-2.962170
-1.779974
-0.634311
2.038879
2.814880
2.514757
3.887007
1.511050
2.823787
-2.142673
3.358476
-0.881486
-2.744134
-0.858036
0.023290
0.734467
1.054278
-0.661389
-2.720955
0.726422
-2.277006
3.131547
-2.267392
3.378569
-0.072815
1.217160
2.084591
3.265289
-1.616593
2.919659
-1.619170
3.104096
0.446012
0.176112
0.292597
-0.955167
-0.392767
-2.777554
-2.915012
-0.534148
-2.368297
-0.080517
2.716125
0.567521
-2.367019
-1.521252
1.500151
1.857071
-2.537734
-2.617216
-1.027823
-1.686167
-2.940934
-2.818620
-1.973483
0.590132
-1.692567
2.326772
1.125966
3.658589
2.641211
3.410998
-2.584167
-2.547125
2.533507
-2.982373
1.904388
-2.317423
1.746444
1.929643
-1.801390
0.718136
1.071093
-1.946136
-1.962708
-0.839612
-2.351693
0.365338
0.994634
-0.033607
0.609326
3.665250
2.986918
1.096816
-0.087947
-0.339251
3.912908
-0.706000
3.352965
0.662049
3.255291
-2.076926
1.391405
0.827613
2.795140
2.678703
1.653957
3.708732
-1.587790
0.116830
-2.231309
1.877535
3.656429
2.839236
-0.992003
-1.415322
3.864516
-2.939184
-0.240707
2.957319
1.232251
1.659069
3.513540
-2.024179
-1.651457
-2.964211
2.258191
1.538639
0.635907
0.887176
-0.600155
1.432316
1.204750
-2.604785
-1.158385
1.433608
3.625309
2.824944
3.230694
1.758561
3.555546
-0.077995
3.249419
3.059296
3.057377
-2.940558
2.424196
2.334815
-2.053984
-2.062492
-0.846223
1.140486
1.856968
-2.144133
-1.465733
-2.494927
2.567022
-1.417336
-0.035768
-0.061759
3.011075
1.178450
-0.184058
2.536890
1.782423
-0.406324
2.968705
0.006406
-2.495117
-2.823501
-0.332865
-1.435983
1.839680
-0.011619
-1.837080
-1.032536
-0.539595
2.673247
-0.913014
-1.765573
1.912318
2.200696
3.431911
2.310659
-1.948389
0.265742
0.529095
3.793489
-0.688695
3.282908
-0.404541
2.730079
-0.625445
1.929986
3.267674
1.592898
2.979422
-1.801594
3.888974
-1.255076
2.727407
-0.017469
0.057010
2.412554
0.613293
3.697707
1.875312
2.532382
2.901632
-1.563193
-0.497918
-0.789881
0.051483
0.463135
-2.452931
-1.088498
0.785077
1.298085
-1.707156
0.816412
3.291191
0.836527
2.269310
3.904069
-0.228346
1.266832
-0.646781
-2.419615
1.103688
0.965582
-1.459572
-0.820042
1.498289
0.506254
-1.566844
-1.964924
0.835977
-1.108571
2.195562
0.979719
-0.118433
2.536234
-0.575367
1.699743
0.811844
3.776189
3.960109
-1.699426
2.425355
3.778515
1.431136
2.552435
0.662967
2.957872
2.016811
-0.856131
-0.859129
-1.924456
1.797833
-0.455775
-1.338345
2.954173
-0.986664
1.845678
-1.388674
-2.780736
-2.966809
-0.751928
1.918830
0.868264
-0.136280
-1.383927
-2.216425
-1.661761
-0.458245
0.158239
-2.232512
0.371027
-1.623296
3.105729
0.262756
3.145530
-1.837399
-0.520852
-2.506027
1.187202
-2.796208
0.216471
-1.525035
0.030897
0.003925
-0.031275
2.361187
0.034774
0.960247
-1.488403
-1.154450
3.823767
2.101019
-2.424718
-1.959838
0.317310
-1.441131
3.324238
-1.574162
1.666731
0.622544
-0.164731
-2.378401
2.172930
2.952371
1.306875
0.460516
-1.356396
-2.400558
1.193822
-1.173100
-0.433289
2.855986
2.512543
1.264751
1.777046
3.768854
2.918465
-2.870947
-1.233856
-2.861597
-2.611315
-2.117178
1.076484
2.398618
1.812373
1.495872
0.638328
-2.633683
-2.736884
2.325747
0.244346
-0.058908
0.687040
-2.274276
-2.555869
1.413634
-2.177063
1.352305
2.083153
-2.703238
-2.441862
1.694446
1.726523
-2.264557
-0.449660
2.565130
-0.907377
-0.414992
2.561920
0.940356
1.448180
-2.810857
2.185225
2.306317
3.186431
2.557333
3.423879
-1.721204
0.800813
0.406385
1.706008
-1.898747
-2.216317
3.142129
-1.609687
-0.663526
2.112391
-1.033597
0.090533
-0.281919
-1.449928
3.553485
-2.963498
-1.130502
2.052515
2.718972
2.137618
-2.052589
-0.617613
-2.473365
-1.231037
-2.873456
1.852979
1.279392
-2.266824
2.732186
-0.289455
1.075396
2.380929
-0.269895
0.874132
0.501906
-2.984888
-2.810187
-0.692552
-0.280890
-2.841305
-1.221614
1.571407
-0.760373
-2.659768
2.371832
-2.013244
0.747581
-2.186067
-1.974780
0.983400
-2.230232
3.061048
0.633095
3.551991
1.020833
0.265342
0.699509
3.660127
-1.880486
3.588825
-1.878159
-2.681289
2.455940
0.269961
-0.579927
-1.593775
3.577097
0.585505
-1.150862
-2.220119
2.186339
0.647626
-1.721318
2.812493
2.258056
-2.020965
-0.858968
-2.913113
-2.408770
1.973888
-1.770402
2.289688
0.461297
-2.405144
1.306885
3.949147
1.920555
0.641575
2.056377
1.281473
-0.468760
1.838398
3.664523
2.954118
3.429685
-2.765075
2.900090
1.837739
-0.572807
0.589625
-0.743792
1.034862
2.165502
0.237572
3.741163
-2.400816
2.066696
2.315976
-2.035009
1.351447
3.966969
1.481263
1.610801
-0.113560
-0.539035
1.657116
-1.991187
-1.249202
0.268602
-0.386393
0.722501
-2.682500
1.485124
1.568914
-1.191990
3.708937
1.783161
-1.629609
1.358583
-1.849169
0.049894
3.393274
1.416278
0.375325
1.925065
-0.828498
-2.126302
-1.908004
1.363414
0.091897
-2.730428
-2.240220
-2.625878
-0.832549
-1.169608
-1.145548
-0.733750
1.677696
-0.104916
0.272631
-1.909845
2.585244
1.593238
3.173167
2.474515
2.025592
-0.691100
-1.956524
2.522419
3.350825
-2.432779
1.511973
3.266738
-0.353065
-1.207291
-0.271843
-1.305413
-1.631775
0.766882
0.132637
-0.299651
-0.435730
-1.787091
-1.565656
-0.936114
-2.049745
0.793265
1.996894
-2.166436
-0.290938
-1.014720
2.760156
0.209474
3.748039
-1.908290
-2.057084
-2.125521
0.709539
1.357658
3.077378
1.468936
-2.527504
2.500040
-0.829251
3.843740
-2.066276
-1.804691
1.084203
0.336755
-0.760653
-2.608835
-0.605269
1.025660
1.601362
-0.978208
-0.498514
3.933983
2.245620
3.095165
-0.333839
-2.579843
0.146330
2.414531
2.160415
-0.639423
2.890209
-1.956660
2.127229
0.446480
3.298390
1.395210
-2.517975
1.298258
1.568721
-2.645502
2.309333
3.200664
-2.198128
2.703741
1.820178
1.473874
1.349276
-2.483240
2.674929
2.477017
1.384580
2.187430
3.212222
-2.911500
1.467047
0.040507
-2.867292
-2.589537
2.319553
-1.923015
0.490057
1.774109
2.444997
0.124427
-1.265029
1.964967
2.353288
-1.773526
-0.928037
-2.176262
3.262554
0.298764
-2.190568
2.826600
3.017516
3.493736
-0.746987
-1.838693
-2.603959
-0.379930
0.058792
3.334688
0.284732
-0.429028
1.829185
0.532123
-0.914046
1.101317
1.603603
-0.803798
-1.681827
-0.514184
-1.498833
0.810227
0.465216
1.340002
3.528466
3.886436
2.249804
-0.587466
-1.070546
2.924908
2.517545
1.932687
-0.886856
3.319596
-1.132852
0.328851
-0.662228
-0.017572
1.073518
3.860161
1.821086
2.520677
3.223117
-0.838587
1.874205
-1.274412
-2.236675
0.085740
-0.552021
-0.303757
1.573236
-1.379214
2.622491
3.896019
0.796263
-2.038809
-0.897656
2.177383
2.674121
-1.509041
1.597062
-1.899308
3.353074
0.262456
2.106374
-0.799969
2.324579
0.830993
1.923373
0.550942
-1.402981
2.787121
-2.543331
-1.265415
2.385118
1.087573
-2.559878
-1.203345
0.313525
-0.151578
0.622232
-2.570599
-1.027528
2.898458
3.513786
2.411001
2.695510
1.193600
-1.351351
-0.797735
0.477287
-2.901796
3.025279
2.804752
-0.750993
3.058955
3.674829
-2.722168
1.344271
2.239495
-2.769495
2.414928
2.830621
3.268736
-0.145327
0.611722
-2.485986
2.321650
-1.121140
-1.999151
0.306455
1.121624
1.183630
-1.251222
1.029555
-1.035478
-0.838161
0.691838
-1.993075
-2.866481
1.881225
1.576534
-0.296414
-1.193210
2.749508
0.132464
-0.932179
2.059699
2.225452
-1.406925
-1.563092
2.238966
-0.090341
-2.280936
0.701486
1.758276
-0.596614
-2.206757
1.433604
1.626744
-1.832383
1.455530
-2.881683
2.968536
-2.182259
2.196394
0.187913
-2.658127
2.719436
0.927659
3.173911
1.171067
-0.225831
3.389360
-2.473900
-1.536227
2.299839
-0.101615
-1.743106
-2.448644
1.888613
-1.524361
0.016286
-1.771695
-2.379210
2.221833
-0.684706
2.565906
1.357485
2.867505
-1.878219
0.624963
3.223833
-2.411175
2.879040
1.741722
1.843456
-2.851645
-0.373756
1.030120
-0.613212
-2.689124
-0.833336
0.310406
0.914441
0.116894
2.378727
-0.878327
2.422121
0.496089
0.581890
0.296908
-2.973422
-2.141967
-1.246109
3.314767
2.841086
2.702384
-0.319852
0.133437
-2.239228
0.311249
-2.357353
2.931210
-2.511911
-0.756317
-2.374247
1.013091
-2.084095
0.026660
-1.598112
2.296231
-0.043561
1.962103
-1.520460
2.719329
-1.027912
1.032573
3.049912
-2.045693
-1.544962
2.263606
-2.928854
2.742537
-1.374148
1.966253
3.378583
3.819044
-2.341211
-0.998730
3.007177
1.901303
-1.374745
1.973308
-0.407937
-1.347282
-1.351365
0.758522
-0.388631
-0.132610
1.945240
-1.763159
3.797717
1.889368
3.622517
1.627387
3.418871
-1.028567
0.904087
-2.465400
0.630537
3.917537
-2.039081
0.198480
-1.072131
0.267277
1.481311
-0.434665
1.834624
-1.945173
2.015728
0.685246
0.281829
1.963336
3.055476
3.443066
2.600232
1.257665
-2.532743
-2.767197
-0.466073
1.545035
1.641552
2.074855
-0.302704
1.242523
1.402419
1.123031
-0.083826
-2.896972
-1.572092
1.728283
-2.559803
-1.252362
3.784868
-1.139292
3.511724
1.696929
2.812937
3.285592
2.079576
-2.486145
-2.795719
0.349437
0.261564
3.993645
2.213395
-0.145802
-1.235234
1.095321
2.862662
2.335217
-0.460740
0.373990
1.480790
-0.034043
-0.325521
-0.988859
1.996157
1.874486
1.158606
1.238558
2.498194
1.528148
-1.555711
3.520267
2.242764
-2.861828
-1.344159
2.254649
-1.487034
1.411536
-1.089665
-0.571832
1.330782
3.512230
0.830013
-0.234207
3.528695
-2.130796
-0.204270
1.871941
-0.666103
2.659707
-0.107198
2.141430
3.036299
-2.907223
1.827776
3.583284
-0.214313
0.859342
-0.102757
3.565265
-1.293075
3.833810
1.427710
2.160597
3.843772
-1.030974
-0.273233
1.054456
-0.111308
0.884423
3.754303
1.203074
0.707177
2.736907
1.396672
2.752387
0.583776
-1.546431
-2.532868
1.091633
2.561011
2.448538
1.018837
1.521600
-1.022320
2.631812
3.925565
-2.933616
-1.721043
-2.395482
0.136426
0.475765
3.271569
0.753432
1.877924
-2.003256
1.687729
-0.133570
0.921128
-2.741023
0.184858
0.508149
-0.416605
-1.999179
1.401366
2.431963
-0.626691
1.110938
-0.215326
-1.582680
-0.499964
-1.913487
-2.466205
2.017223
2.029496
-0.918967
-0.198175
-0.236818
-0.603787
3.428942
3.927276
-1.358262
1.366663
3.805324
-2.939005
0.725968
3.651137
0.139451
-1.662235
0.918521
3.806666
3.353494
-2.736773
-0.677725
0.156563
-0.530948
-1.410445
-0.390297
0.643070
-0.343966
1.577367
1.750806
-2.894187
1.254289
-2.196099
-1.471940
1.147070
3.232016
2.842165
-2.710076
3.326784
-2.606036
2.170036
1.681221
-0.387468
3.332144
-1.202713
2.404341
-2.737303
3.065517
3.503575
1.146106
0.347703
1.179115
-1.827044
-2.729164
3.433169
-2.917332
3.346769
2.948059
3.664089
2.711814
-0.965393
-0.723216
-1.530441
2.108419
-1.388917
2.374798
2.601799
1.912598
-0.973998
-0.120978
-2.694254
0.653766
1.202376
-1.000398
0.536453
3.184439
2.339954
0.111739
0.915108
2.865980
-2.385885
-0.941073
-2.292427
2.528331
0.010082
2.304348
-0.801450
-1.941568
2.757723
1.674548
2.774494
2.533774
-0.714078
-0.959677
1.029350
3.718924
0.734066
2.296402
-1.809549
-1.229589
0.550258
0.131512
0.249822
-2.018704
-0.954270
0.189299
-2.374813
1.361233
1.956789
0.693512
-1.688660
-1.693416
-0.767517
0.921404
-2.953108
-2.249477
1.548455
2.032027
0.487091
-1.711159
-0.975903
3.303321
3.361639
-1.240493
2.563264
-2.758557
-0.195689
-2.226451
3.235751
3.025773
0.918430
-1.085591
-2.729384
2.466176
3.785595
3.923738
1.962973
0.717191
3.054173
3.296558
1.115729
0.153919
0.742254
-0.943514
-1.345682
-1.956326
0.483253
-1.639928
0.624927
1.143742
2.063826
-1.333991
-2.382575
2.045340
2.931894
-2.140567
1.386761
3.567644
3.203391
2.877146
-2.747224
-1.575571
3.483939
1.301129
1.752584
3.708233
-0.611244
1.728983
0.646073
-0.971610
-2.486220
2.645318
0.273778
3.681566
-1.256644
2.219939
1.071851
-2.408879
2.690444
0.055826
-2.806841
1.248135
3.082465
-2.501127
3.294892
-0.232705
-1.908033
2.395407
1.972594
-2.823790
1.036361
2.032235
0.601451
1.105883
-0.893897
-2.435246
0.034431
2.581225
3.875349
1.792935
-1.073122
-2.617718
0.071722
3.976911
-2.589113
3.818877
2.392183
-2.752720
1.425581
2.387346
-2.245989
-0.806737
2.853312
0.964717
-2.886984
-0.400847
-1.871872
1.451798
0.882694
-2.440225
3.263087
-1.180253
2.740775
-1.191713
0.026380
2.615185
3.243150
-0.752056
3.188315
-0.570465
-1.136820
2.061831
-2.869319
0.604870
-2.135368
-2.728569
3.186685
2.795387
-0.626078
3.555085
2.380388
2.220860
-1.576390
1.658513
-0.418204
3.750587
2.925610
0.537259
1.945851
-1.955814
-2.011638
-1.723861
2.374560
-2.893484
-2.379222
1.756684
3.612941
2.319768
-0.667245
1.320839
-0.676128
-0.111212
3.801903
0.145002
3.864333
0.542432
2.326309
-1.131637
2.583042
-1.412011
2.370269
3.577887
2.218846
-0.798523
1.035052
0.921007
3.281634
3.711444
-0.280123
0.815540
-1.233174
-1.781426
-0.638795
1.627599
3.335757
-2.228733
-0.813550
1.857944
2.115200
1.425114
0.907703
3.052234
0.745781
-1.738619
-0.343958
2.571507
-0.632165
-1.901625
-2.181454
1.161257
-0.904267
-1.753205
3.178180
2.511840
-2.222106
3.498058
1.698925
-0.657218
3.446899
-1.454547
-2.858300
-1.428410
1.836811
-1.925013
-0.098551
-2.350199
-0.282720
2.369472
3.475593
-2.702455
3.259606
3.082358
-0.702256
2.132764
-2.966412
-1.506979
3.967715
0.387559
2.006821
0.701994
-2.688195
-2.022954
-2.961329
-1.936576
1.006444
2.202357
1.425882
3.920922
-2.889143
3.071485
-1.228708
1.358897
2.187876
-0.300806
1.556380
1.214365
2.885990
0.749084
3.398789
3.787333
2.011473
-1.303679
-1.698106
3.067661
0.267301
-1.027634
-2.806656
0.176400
0.321733
1.277878
-1.280183
0.373377
-2.597742
3.810912
2.083388
0.355741
3.849696
0.917843
-0.559664
3.391543
-2.844323
0.733261
1.671430
-2.007088
3.504255
-1.069513
-2.546275
0.650109
1.788366
3.672834
-1.687045
-2.270082
2.531786
1.862121
3.381656
0.657659
-1.565983
-0.547080
2.852627
2.474875
-2.104838
0.834562
2.697558
3.069320
2.907497
2.396010
3.875459
3.305529
-1.513443
0.653798
1.023405
1.102813
2.098212
-0.535217
0.820985
2.647230
3.215544
3.988335
-0.915641
-2.598817
-2.160705
0.877750
-2.419502
-2.529524
0.526439
1.096334
3.936982
2.747121
-1.773882
0.301507
-1.009491
0.421094
0.382765
-2.508822
2.448904
3.365013
1.412680
1.723803
-0.075398
2.621732
-2.679347
-0.914929
0.253615
3.319979
-2.909270
3.649090
2.222775
2.136320
2.995849
0.640041
-2.768161
-2.005143
-1.554248
1.519135
3.869466
1.113828
3.423908
2.857655
0.955275
1.564761
1.307857
-2.466648
2.959266
3.073307
-2.359982
3.511475
3.866921
2.939137
3.119205
1.775946
-1.201815
2.253047
-1.616378
2.769140
0.100728
3.275655
1.937121
0.162392
-1.840673
1.785155
-1.120941
3.658597
-1.693771
-0.637359
0.337422
1.104195
3.338163
1.284675
2.871264
-1.187789
-2.169257
-0.616990
0.922419
2.949030
-2.656993
-1.898646
0.425565
1.728403
1.760454
1.339646
0.601527
-2.088247
1.568413
-2.537492
3.445892
2.228380
1.189530
-2.565084
2.716284
-1.834957
1.707581
2.418026
1.303413
1.695348
-2.724139
2.332478
-2.683684
3.304441
3.261787
3.504699
-2.130061
2.579987
2.489400
0.370715
0.094632
2.860277
2.097910
3.593520
2.646046
3.385968
1.046341
3.490087
-0.380676
-2.712234
-1.832021
-0.185132
-2.398279
2.683070
-2.703161
1.969557
0.090901
-0.358371
3.766269
-1.570696
0.237916
1.893447
-1.508580
2.229130
2.494765
-1.678989
-1.220241
-2.597720
1.640793
3.445899
-2.499191
3.518817
-2.505613
1.856882
2.361595
0.491896
-1.638508
1.281995
-0.774382
1.785178
-2.502023
0.600193
0.671052
3.911311
2.601930
-0.590621
1.495150
2.558433
2.274423
-1.145120
2.463418
0.592995
0.507502
-1.443589
-1.052751
-2.825441
-0.441836
2.171243
0.360957
-1.026330
-2.418701
-2.309295
-1.980569
2.640933
3.227268
-1.673770
0.377678
-1.395587
2.896925
-1.937968
2.076031
3.576061
-1.503407
1.723138
1.207764
-2.410008
-1.283796
2.468132
2.299051
0.086093
2.611315
0.621730
0.898437
0.988540
-1.974619
2.591269
2.418678
-1.106988
0.851826
2.374616
3.300982
-1.906914
-0.021626
-0.325021
1.465635
2.774793
-1.007832
3.823733
-1.275014
-1.274273
-2.528728
-1.060109
1.397335
-1.631157
-2.152478
-2.510338
1.211399
1.127671
-1.414680
2.478652
0.772291
1.838698
2.222698
2.814480
1.747423
-1.808666
-1.014465
3.836881
-0.475607
1.749902
2.102374
-0.529227
1.667768
1.466438
-0.247600
-2.104710
1.744988
0.603933
-2.069695
1.531150
-0.623021
-0.349673
2.663269
-0.966600
3.422211
0.533276
-1.539201
-0.576577
0.481125
1.284827
-0.841309
0.752380
2.508342
0.954958
-0.228580
-1.078503
1.243023
2.762667
-2.705100
0.038261
2.546257
2.897136
-0.826227
0.605078
-1.808554
0.403498
0.221941
0.106805
0.070203
-0.353062
-1.857285
2.724966
0.202307
-1.462256
-0.555834
0.272448
1.916285
-1.404544
-1.092291
1.372271
-0.443521
2.169678
-0.347444
-0.917766
-1.382579
1.616676
1.141827
1.104165
3.036653
1.025004
-2.639495
2.076240
0.679829
1.532313
0.204768
-1.439458
3.447617
-1.153564
0.939285
2.541682
3.992585
1.365908
-0.076444
0.968190
-0.498301
3.539632
2.677972
1.924576
3.675413
0.229044
1.056226
3.695931
2.575458
-2.166925
-2.512342
3.850262
0.680027
1.865464
-1.838485
1.933838
1.099148
3.046203
1.004755
0.608552
-2.809905
2.305821
1.890684
-0.194110
-1.115455
1.651822
0.125545
-2.610960
-2.408886
-1.087187
-0.475751
-2.553741
-0.591989
-1.186359
-2.854552
2.378742
2.462486
3.345096
1.633653
-0.259544
2.844960
-1.061601
0.291056
-0.066173
3.330026
-0.095737
-2.119488
-2.006918
-1.621850
-0.076969
1.353952
-1.299760
2.625875
-2.229275
-2.980000
0.848731
-0.273167
2.130715
-2.319702
0.267806
2.742635
2.546069
2.629244
-1.570019
0.487083
0.401483
2.005984
-0.300998
1.488577
-2.536609
3.331769
2.141823
-0.773803
-2.989724
2.589972
1.702652
1.260784
0.624872
-2.217891
-0.434442
-2.984195
3.638564
1.019576
-1.649816
2.066048
2.055436
0.534734
2.897411
1.437026
1.632598
1.152941
-1.828031
-0.874710
1.607511
-2.761280
2.909293
-1.076367
-2.006219
2.934402
-0.699902
-2.540425
-2.831589
-2.052604
3.550999
0.077627
0.155437
0.745121
-1.488321
2.267789
0.794580
0.498856
2.939883
1.874428
0.510829
3.532969
1.296928
3.525790
3.759346
-0.464353
3.641868
0.380263
0.376220
-1.262606
0.168056
2.148170
2.371846
-1.717509
1.625003
-1.566910
-0.217266
-1.965594
0.430820
-0.490609
-0.907206
-0.322040
-0.886225
-2.469828
3.568836
-2.099438
0.789459
3.418377
-0.922066
2.431920
2.874999
0.613862
1.297845
-0.042937
-2.066053
-1.363165
2.645428
0.628703
1.175375
-1.836821
-0.801455
3.899096
2.544303
-1.467001
1.940824
-1.460946
-0.774779
2.286088
1.182974
3.571704
2.435661
2.588531
-1.114287
3.330457
2.331110
-2.954020
3.599342
3.461732
-0.291916
-1.047105
-2.235653
3.695531
3.509613
-1.698529
0.103833
2.299717
2.675889
-1.357190
-2.515281
0.017650
0.745049
2.459404
2.950090
2.618531
0.459895
0.764584
-0.587674
3.795563
-0.794463
0.410995
-0.357220
3.630730
-1.190425
1.626483
-1.105023
-2.953021
1.720661
2.572091
-0.219932
-1.161544
-2.849195
-0.292229
-1.106513
3.669138
0.677908
3.132109
-2.936466
1.530104
-0.019736
-1.553507
-0.687213
3.419261
-0.462361
2.367904
-1.636814
-2.470227
1.199466
-0.850828
-1.775830
1.019612
0.151338
0.921075
-0.661919
-0.802265
3.106237
2.129419
1.705224
-2.709049
-2.358240
-2.671358
3.055567
-0.084490
2.457355
3.613847
0.354582
1.191606
0.825846
2.420442
-2.509959
-2.926247
2.272148
-1.345955
3.417855
2.326964
-0.330973
1.549531
3.083915
-1.272059
-2.058271
-0.563768
1.131449
2.302790
0.435273
-0.041092
-0.054914
1.770302
1.062791
-2.943948
-1.929802
0.159446
0.190868
-0.969395
3.329262
-0.535452
-0.608792
2.583268
-0.635921
1.032642
0.501200
0.933101
0.214361
2.351929
3.944702
-1.473823
1.571549
-0.714974
0.904270
1.927175
2.180998
-2.029665
-1.397527
-1.085482
-1.944288
2.333263
3.183290
3.867624
1.324003
0.574845
-2.500141
2.399434
-0.974783
1.847995
-2.419369
0.696300
-1.842311
-2.707206
1.481532
-1.965099
-1.483751
1.636508
-1.217503
2.434136
2.576516
-0.395964
-0.451256
-0.099394
-2.753969
-1.722468
-2.219722
1.315527
-0.242043
3.512042
1.172213
1.149685
0.390001
-1.562810
3.808628
-0.906960
1.949852
1.162566
1.602686
-1.858047
2.583308
2.879189
-1.705997
-0.304103
2.242940
0.917259
1.505207
-0.632867
1.804268
2.036944
-0.483442
2.933605
-2.211672
-0.273805
1.915790
3.999406
-1.366228
-0.935977
3.783521
-0.025690
3.646587
-2.770381
-2.539523
3.236606
-1.940831
-1.088908
2.518085
-0.650919
1.432611
2.681410
-0.788838
-2.799596
1.450722
-0.535930
-1.490999
3.029218
0.570860
0.217085
2.549771
-1.367324
2.863590
-1.949098
-0.220248
0.058621
0.000087
-1.917235
-2.491799
-0.430692
1.514433
-2.997011
-1.529331
3.624432
3.360119
2.789701
-0.728855
1.087070
1.023061
-1.428929
1.158419
2.022730
-1.841967
-1.817403
-1.166075
3.607236
-1.757754
3.669382
-1.221087
-1.611881
-2.853172
-0.799209
1.919319
-1.004744
2.765111
3.378569
1.619452
-0.579067
3.804525
-0.107447
0.601663
0.561231
1.921756
1.658460
2.115996
-2.059941
3.664973
2.455472
1.743148
-2.171667
-0.664480
-2.603870
3.676790
1.661015
1.118040
-0.052738
1.197093
-0.914055
0.212604
-2.324307
-2.248874
-0.587266
-0.216604
-2.711451
2.636892
-1.689909
-1.128404
-2.237257
-2.810695
1.263158
-0.195741
-1.759114
1.827403
-0.084499
-0.945695
2.336897
-1.606920
0.456187
1.774846
3.799911
-1.439024
-2.319965
2.069815
-0.218919
-2.468849
0.981880
-1.152367
-1.560806
3.180412
0.920330
3.544556
0.243549
-2.217590
3.360337
-2.256863
-1.566674
-2.912490
1.977225
3.986359
-1.268370
-1.254094
-2.090874
-0.218656
2.008694
2.711050
3.533198
0.700826
1.856177
-0.184377
3.124967
-0.701059
2.102897
0.958082
2.687999
1.045824
0.087652
0.476755
3.879302
-0.831329
3.680601
1.508582
-2.589714
-2.609627
1.091562
0.754362
0.414257
-0.875946
-1.056179
-2.525008
3.013196
1.809377
-2.772411
0.124638
2.269262
3.296576
3.424391
0.189046
3.730909
-0.874437
1.561768
1.270372
2.962877
-1.939226
0.832106
2.882959
0.166995
-1.000351
-0.956250
-2.447716
2.843036
0.816537
1.811582
-1.893687
1.194214
2.723953
1.620908
-0.441784
-1.310158
-1.620809
0.132004
1.448422
-2.044775
0.877794
-0.900495
-0.988639
-0.294296
3.341637
-1.429074
-0.451887
0.648493
2.395978
3.386632
1.387490
-0.682640
3.890166
0.711009
-1.835116
3.594215
-2.659130
3.842383
0.055846
0.927121
-0.981268
-0.347864
2.486065
-1.923559
3.251647
-0.794593
-1.310060
0.749291
-2.818561
0.730319
1.053954
1.611182
3.246936
0.802908
-1.193506
-2.860154
-2.727969
-1.718450
-1.592010
-2.992232
-1.314029
-0.568616
-0.250790
0.430916
3.206228
2.224010
2.948930
-1.563175
-2.501227
0.465551
0.460856
2.648540
-2.712416
0.516781
0.369591
-0.072216
-1.982072
-1.812901
-1.087986
3.388640
1.180115
2.934473
2.477769
1.234006
0.621686
-2.282988
2.398435
1.308294
2.085448
-2.157765
-2.041703
-1.904796
-0.139430
3.617653
-2.680792
-0.657184
-2.329256
3.402485
-2.015353
2.687384
-1.503747
-0.436676
-1.977620
3.299950
-2.872010
-0.393802
-2.090858
-0.436793
-1.171588
1.679962
-1.738221
0.726660
-2.344007
-2.475299
2.573159
1.064699
-0.602502
1.609419
0.780838
0.789334
2.548493
-2.449094
-0.310704
-1.666773
0.351660
0.400991
-2.932926
-1.084223
-0.633740
3.995259
3.514831
-0.753383
-1.535627
-1.741173
-2.141476
1.959687
-0.130752
2.554170
1.325089
0.305006
-2.299832
2.449916
0.721370
-2.507545
2.084389
-0.922097
-2.276660
3.188614
-1.261189
1.611330
-0.029113
2.175613
3.543342
3.716419
0.251867
-0.500331
0.954576
3.915878
-2.171286
1.969284
2.128421
1.468284
2.743865
-2.661525
1.399416
-1.464979
0.756575
-1.433644
1.129651
1.102171
-0.764129
3.980648
1.527218
-2.195343
1.037404
-1.663992
3.989679
-2.004312
3.202924
-1.238414
-1.975058
-0.089332
-1.767216
-1.577199
-1.537671
-1.985038
3.463263
-0.857058
3.733726
-2.053964
3.439040
2.656482
-2.125491
-2.641514
0.231418
-2.867261
2.435503
1.070711
-2.169148
0.779993
-0.278515
3.926632
-0.496902
0.130374
-1.499924
-2.208000
2.071271
1.591305
-2.135604
3.295567
-0.336544
-2.139146
0.693285
1.308207
0.469701
3.008870
1.866943
3.571468
0.475475
-2.861943
2.434037
-2.333018
0.351070
-1.551237
1.704913
1.175786
0.481256
3.512136
-2.681638
2.336769
-0.210420
-1.409314
0.477653
2.474621
-1.476613
1.608346
-0.299403
-2.066750
3.439078
0.955343
2.359420
3.772571
3.832731
-2.829752
-2.656161
-1.562494
-0.342383
-2.540150
-0.364493
-2.303320
0.157711
2.915063
0.506611
-2.317646
3.123302
-2.164734
-0.885089
1.172098
2.097095
3.306983
3.234296
1.154098
3.250469
-0.303999
-1.715962
1.941988
-2.101377
1.365651
1.289335
-0.868550
1.854041
-0.138016
0.633162
3.681814
3.633824
2.676477
0.739075
3.629988
1.730101
2.661778
-0.894885
0.116743
1.559114
1.464180
1.430815
0.074145
2.695868
-1.453691
-0.129551
1.805362
3.860796
1.716748
1.167719
1.184537
3.507940
1.800883
2.766810
-0.774567
2.547438
1.983604
-2.491726
2.692265
1.062776
-0.408338
-2.696469
-0.295671
-2.746571
-0.945587
3.441139
-0.240557
1.130797
1.397093
-0.053651
3.766691
-1.197127
-1.505099
2.884395
2.302094
3.511056
3.282394
-0.464144
1.485337
3.645034
-2.123677
0.664815
1.811656
1.882386
3.174577
0.017867
-1.084080
3.051637
-1.644392
0.340880
-1.233930
-1.460813
-0.131523
-1.217410
2.760279
0.537406
-0.550218
0.336265
-0.418233
1.482938
-1.675192
-0.730640
-0.823743
1.341492
-2.882031
-0.505869
2.769946
-0.116736
-1.513910
-1.208834
0.113093
3.466621
-1.964137
-0.011048
-2.379940
-2.015649
2.229259
3.413074
-2.252500
0.230299
1.657295
1.141885
3.115118
-0.876219
-1.609206
-0.211543
-1.422435
-0.388013
1.124152
2.412600
-1.800832
3.640244
1.139569
2.995905
-2.402010
3.920804
0.318419
3.526686
2.806308
-1.834942
1.381710
0.349535
3.817101
-2.857624
1.632621
-0.584304
2.284020
-1.353064
2.759879
2.910844
-1.714086
-0.604081
0.494965
-2.760569
0.006487
0.714510
0.593001
-2.396642
-1.095441
-2.181043
1.111589
2.088410
1.818090
0.081560
-1.635836
2.956422
3.392101
2.222484
-2.931134
0.247062
0.039030
-1.377111
-0.686660
-1.929875
-0.792660
-1.283695
-0.701194
1.753123
-0.494790
2.780194
1.347123
0.136452
0.820139
-2.258573
2.141624
0.336809
-1.111855
1.591691
-0.800069
-1.346085
3.609597
-2.758963
3.641846
-0.568049
-1.832177
-2.600681
-0.675044
-0.408442
-1.434149
-1.010150
-0.879363
-2.116281
0.121789
2.611536
-0.039732
0.239226
0.560612
3.755770
-1.461808
-0.452772
0.875689
1.231564
3.978218
0.817138
-0.321159
-2.605340
-2.794095
-0.354034
2.307400
-0.892638
1.402819
0.646149
0.030396
3.894827
-0.309708
1.543322
2.512447
-1.324947
3.354635
-0.920336
-0.500297
-2.365467
0.351751
3.171782
3.014339
-1.815160
0.048960
0.076344
1.801863
-0.001672
0.440330
2.668128
-0.290204
-0.428232
1.203258
2.699799
1.061098
2.619576
2.322284
-0.047579
3.783583
3.280715
-1.086670
-1.251745
-2.842818
3.731765
3.126087
-1.224922
3.063725
-2.345385
2.230680
3.280724
-0.282418
0.698258
0.617249
-2.877095
1.244767
1.165247
1.020907
3.700672
-2.945319
1.874987
0.605892
-0.967248
3.402737
1.816072
3.152151
-0.526299
-2.738911
-2.073255
-0.913991
-0.827997
-0.101662
2.326195
3.635814
-0.530741
3.901475
-1.644566
3.364047
3.840318
0.851125
3.847974
-2.999064
-1.265758
1.120548
-2.758217
0.087714
-0.869102
0.721929
2.192097
0.750952
-0.995556
0.475748
1.691446
1.833080
0.613622
-2.470416
-0.980444
-0.612260
1.230703
2.609756
2.763015
-0.148891
2.935122
-2.759513
-0.303542
0.683491
1.072183
2.931005
2.358051
-2.525129
1.114990
3.173294
-1.593184
-0.247627
0.130444
0.063945
-1.693779
-2.565845
-0.949690
0.716682
2.018340
-1.674083
-2.978094
-0.882367
-0.049755
-0.810859
-2.487428
2.388723
-0.887665
0.707249
-1.457968
1.794004
3.742108
-2.269445
-2.446733
3.793255
3.471306
-1.356656
-0.996341
1.623962
-1.792161
-1.363181
1.246674
1.283599
-1.351212
-1.016899
0.410046
0.708453
-1.978513
-0.360460
1.597188
-0.388869
-1.542542
2.434737
2.175890
-1.444888
2.239733
3.884403
1.765580
2.071057
3.966995
0.523012
-0.989928
-0.903096
-0.719582
0.646875
2.418860
0.996113
-2.766134
2.628474
-1.806060
0.827046
2.658964
-0.540945
2.071261
-1.867193
0.355436
2.740753
3.953055
-1.716963
-0.778654
1.777857
3.117809
-2.856154
-1.488625
-1.011699
3.370147
-2.647744
-2.572652
-2.561237
-1.359790
0.156080
-2.383493
1.959502
-1.922465
-2.123420
3.362529
-0.891081
0.091665
2.106627
1.260302
2.221600
0.286599
2.340118
-1.279857
-2.393291
-2.708421
-1.872621
-0.078892
-1.485706
2.411524
-1.671684
-0.868082
0.207487
-0.533879
-2.425371
-2.699213
-0.230682
3.947383
2.681033
3.098298
2.922967
2.142376
-0.703460
1.671944
-0.547145
0.016996
3.193683
2.956319
-0.472495
3.909518
1.143209
2.263472
-2.173390
3.311754
-0.569387
2.857863
-1.766715
1.173908
1.601186
-0.053721
2.547000
0.092791
2.766342
3.302040
1.349527
-1.230148
0.445907
3.814715
2.832813
-0.102880
2.392394
-1.813152
1.205785
2.754071
-0.678930
3.539583
-2.524438
0.279171
3.514675
0.775240
-2.095195
2.210882
-0.710393
-1.559450
1.485060
3.153200
0.380012
-2.449979
-2.023896
2.416236
-1.764910
3.094854
2.831009
2.855334
-0.219486
0.051857
0.167189
-1.423916
3.638911
-0.591768
-1.399351
1.906962
3.220266
-2.216570
0.972289
2.578138
-1.835754
2.377091
-1.396038
3.157129
-1.130776
-1.380696
-2.949122
0.269146
0.963302
-2.683484
-1.745324
-1.702022
-1.802764
0.132484
-0.921935
-2.896808
2.113662
-2.332290
-0.529502
2.711704
3.667735
1.181820
-2.910134
3.313561
1.659824
-1.109076
0.937535
-2.893291
3.329634
0.333190
2.676274
-1.489305
-1.442844
2.362530
2.970307
-0.740198
0.997253
2.486544
0.835608
-1.569534
-1.151961
2.237278
3.963007
-1.652891
3.899785
-2.008821
0.997064
-1.190228
-0.319354
3.025288
3.261433
-2.584380
2.369870
0.744840
-0.813847
-2.123372
2.126414
3.630065
-0.592613
-0.155099
3.408658
2.508481
1.048202
0.514735
-2.364437
3.732501
3.611009
-0.479149
3.345170
0.696172
-0.800211
-0.916530
0.696919
1.985384
2.069977
0.081263
-0.885300
3.096065
0.571167
-0.950441
2.408695
-1.760618
-2.769927
2.835143
3.680950
-2.708516
2.051550
-0.297757
1.975549
-1.748777
3.897843
-0.369462
-2.616951
2.492098
-1.269248
3.670339
-0.671476
0.389996
2.578919
0.736892
-0.054425
3.340097
3.302661
0.743041
-0.049036
-0.888842
2.403268
-2.168697
2.497784
0.180272
-0.595410
1.561054
3.233162
-1.921035
3.036609
2.746203
3.914481
-2.282530
3.918606
1.676728
-0.762761
2.602244
0.214212
1.664487
2.404027
-0.542226
-0.371818
-1.702146
3.633191
0.027960
2.763031
-2.502831
3.543223
-0.852298
-0.853748
1.518754
0.710305
1.040252
-1.221134
-2.600822
-0.041370
1.466947
0.097568
-1.095362
1.179043
0.255620
-2.721426
-0.098053
0.050026
1.279372
0.256655
1.213550
3.651646
-1.172162
-2.843621
0.410241
3.927485
-1.057433
2.238015
-2.062818
-0.801285
1.744039
3.177019
3.608903
-2.749631
-1.054539
1.403746
-0.245764
1.215433
-1.412191
2.286750
3.176022
0.659996
0.454267
1.457887
2.920184
3.063905
-0.134547
1.700940
-2.293497
-1.278661
-2.017369
2.233172
-1.484988
3.537103
-0.166857
0.807654
3.676117
-0.313740
0.975450
-2.684372
-2.133240
-0.915686
-1.118495
-2.677753
-2.658762
-1.458612
-0.813174
-2.989491
3.770256
-0.775237
-2.936587
-2.964312
-2.415985
2.135892
1.901798
-2.613145
3.667865
1.290022
0.281553
1.815272
2.538980
2.242418
-1.384031
2.073059
-0.323132
-1.180355
3.118248
3.002409
1.646310
3.731719
-2.103490
-2.676352
0.645414
-2.151029
-0.012977
-0.096102
-0.861565
3.779261
2.468239
-0.174715
3.550669
-2.366803
2.735436
2.117476
0.053642
-1.696980
1.985124
0.001008
-2.026353
1.074996
-0.556975
-0.275665
1.975214
1.915401
3.151197
-1.482351
-2.255170
3.163091
3.001376
-2.570889
-0.259394
1.495396
1.561179
3.011537
0.869343
1.955477
-2.063419
0.684373
-2.483699
1.893665
-1.502475
-2.620714
2.585595
0.583269
-1.751058
3.539031
0.518449
0.170929
1.834025
1.863918
-0.666423
3.733664
0.286734
-0.329922
-1.134505
-1.015792
2.316639
0.344624
3.356974
2.211968
0.358940
-2.681969
0.614257
0.831928
3.363836
0.467029
3.145182
2.233113
1.145837
2.964176
1.994439
-2.313055
3.545857
0.569712
0.817592
-0.321065
3.138568
-0.704049
-0.441479
0.211846
0.196907
0.849066
-2.570029
-0.481177
-0.473328
3.831340
0.337915
-2.638764
-2.502897
-0.015964
-2.938179
-0.799981
3.905368
-0.663343
-2.617572
0.161186
-2.089261
-2.960269
-1.358592
-1.530727
2.200057
1.046768
1.721836
1.102522
3.665450
2.474046
2.073264
-0.016121
0.784214
-0.577928
0.246603
-1.283498
1.918128
0.320649
2.615108
1.090981
-2.718901
-2.480823
-0.758893
3.158290
3.436053
0.823271
3.760474
1.538540
-0.414392
-0.068528
-2.600870
-2.730648
0.248749
-2.343036
3.722087
-1.498472
-2.797568
1.523109
3.290212
1.105805
3.694145
-0.712578
0.607933
-0.425230
-2.658345
0.634999
1.115016
1.497597
-0.799245
3.953206
2.161407
3.625603
-1.913163
-2.832586
0.698036
-0.743823
3.839643
0.540267
2.115222
-2.896474
0.770606
-1.207779
2.454865
-1.400111
-0.390112
0.795906
0.626825
1.815820
0.731457
0.022188
-2.304330
-2.009606
-1.392962
-0.135152
-1.451883
0.501798
0.490271
-0.870457
1.205314
2.105263
2.271370
1.937205
-0.606927
-1.084532
2.821070
1.809333
-0.126789
-2.916415
3.549054
2.575604
-0.390521
1.525819
2.200670
3.128962
3.193614
3.026285
1.537044
3.061796
-0.387807
0.598388
3.255585
2.110759
2.372099
-2.931727
3.969112
-0.655791
2.097335
-2.492497
3.467950
-1.355686
-0.688831
-0.017648
-0.521584
0.959139
3.374506
1.554420
1.049021
-1.176600
3.988321
1.697804
3.274725
0.962546
-2.897523
-2.662884
2.281409
3.281404
-0.931040
-2.818277
1.019100
1.257059
-0.194954
3.890719
-1.808984
-0.069218
3.091696
-2.128502
0.274310
-1.686570
1.723840
-2.807222
-2.931611
2.768596
3.025047
1.831628
3.574113
-1.405577
-1.439816
-0.226169
0.062875
3.030822
2.445669
3.409288
1.248216
-0.986989
-2.336239
2.167755
1.385770
