-0.088005
0.707902
3.513055
-2.532104
2.058623
1.421443
3.192950
-1.335579
-1.162829
3.364457
-2.491199
-1.075652
0.614044
0.405622
2.923168
3.634350
3.542850
1.908334
-2.946113
3.906495
-1.060427
2.152573
0.054880
0.531660
0.457837
0.688501
-0.115435
2.391432
0.708232
1.807409
3.396722
1.001584
-2.768624
0.592916
3.235162
-2.667748
2.894277
-2.625769
-2.979003
1.373945
-0.077598
1.769424
0.741149
2.919029
-2.483757
-1.967269
1.130760
3.883136
0.419602
-0.285923
3.586860
-2.007262
2.621511
3.687525
1.558776
-1.577248
-1.077883
3.311714
-2.087009
-2.354784
-1.962939
-2.054235
0.187151
-0.553331
0.248214
3.632407
-2.801374
0.298836
-1.601700
1.202756
-1.947655
-1.249121
-0.127809
3.199539
-0.442627
-0.989513
-0.101801
-0.274801
2.662612
1.757147
0.498187
2.108233
-2.363068
1.945748
0.674912
1.774344
2.192011
0.075312
-1.491276
3.687862
-1.603117
0.761980
-0.138633
2.646549
3.202218
1.428470
2.413464
0.152432
-0.789873
2.091345
