3.925537
-1.563167
1.314452
3.993817
-1.505172
2.348034
-0.075934
-0.271025
3.084846
2.800956
-1.291620
2.438061
-0.042781
0.541691
-0.443894
-0.212994
-1.657233
2.563389
-2.995835
-2.920786
1.187517
-1.642228
2.270583
-1.761837
2.482072
-2.432575
-1.868186
0.877379
-1.115497
-1.188101
0.015935
-1.410946
1.434009
0.682863
1.872051
-2.452157
-2.052675
-0.787949
-0.411806
2.738083
2.337995
1.407003
2.100259
1.629488
0.659654
1.898841
1.733659
-0.285182
3.790607
1.858166
0.822956
0.224881
2.487056
3.905519
2.261971
-1.947243
3.613270
1.500852
1.690689
1.954784
2.719709
1.093510
1.869754
0.699838
-1.874758
0.056469
0.128062
-0.593277
0.223039
1.613373
-2.934567
2.045375
-2.273419
1.116834
-0.271880
-2.532052
-0.920845
2.835775
0.629349
2.993349
3.940731
-0.998403
-0.681775
2.277039
-1.682069
3.581142
-2.440582
-2.645782
0.427562
-1.801748
0.639919
0.125427
2.324321
-2.184003
0.344630
-0.501525
-2.957444
-2.134538
1.195515
-1.154658
-2.422454
-0.357147
3.908181
1.298878
-2.437528
0.023358
0.938214
0.828824
-1.426392
2.386062
-1.364159
0.162959
-2.204270
-2.666530
3.819767
0.499687
1.568353
-0.696607
-2.142452
-2.624139
0.091428
-1.215298
-1.385997
-0.828817
-2.750886
-1.562611
1.771660
-2.874388
3.398175
1.154820
-0.399740
-1.800345
0.185507
-0.188155
3.840261
1.316273
0.476074
1.703324
-2.432961
-0.276578
2.614130
1.980951
0.218339
3.045499
1.033211
3.546691
-0.465415
0.121509
-2.061726
3.622312
1.994826
0.306660
-1.692227
1.239218
-1.293748
0.567608
-1.568060
1.945229
-2.710057
2.307720
0.111634
-1.167550
2.614590
3.504049
-0.952724
2.840369
0.462416
-1.375453
0.014329
2.760237
-0.818764
1.980999
3.028312
0.276523
1.141117
-2.712477
-2.229864
3.072600
-0.594706
0.052674
3.523403
-2.377051
-1.595488
3.507884
-2.815622
2.998133
-2.535968
-1.912103
0.666402
1.020522
1.211464
-0.578898
-0.692948
1.102110
1.889907
0.465877
-1.961267
-0.755504
1.675758
0.841154
1.277774
3.546760
-2.754583
0.515923
-2.317972
-1.087242
1.476663
-1.284004
-2.843165
1.995867
1.923586
2.066855
-1.448405
1.550894
-1.039274
0.013122
0.739390
0.358480
0.547740
-1.072529
3.551551
-0.630433
-0.319220
0.055439
-1.047500
0.397002
-0.084672
3.478522
-0.587965
2.748241
-0.105540
0.592039
1.917300
0.691891
-0.841708
-2.595939
1.878970
3.086459
-0.335742
0.679692
2.390325
-0.275797
2.683268
3.185933
-2.245828
2.201882
3.308526
1.108034
3.579100
-2.325000
-2.489917
1.559062
-0.920551
0.655503
2.385521
-1.996886
3.147342
-0.633407
-2.610757
1.401367
-2.208506
3.148891
-0.463199
1.813045
3.529904
0.497601
3.807334
2.244015
-0.484344
-1.331127
3.014491
-0.422581
-1.625848
3.831166
3.742121
-0.323782
3.967804
-0.357608
2.553675
1.200928
0.442885
-0.496298
0.006309
1.525467
0.490414
0.358450
-0.797108
1.667994
-2.437746
-0.273497
1.473406
3.153419
-0.963001
-2.659118
-2.229871
-0.979419
2.564165
-0.755721
3.445807
0.602132
0.255049
0.206321
-0.042133
2.835537
1.125935
2.894307
-0.416717
2.290990
2.238177
2.034087
-2.267945
-0.091078
-0.497320
-1.637248
3.538771
1.657157
-0.588811
1.619213
2.113137
-1.731629
1.691377
1.661812
3.662273
0.744133
3.667017
-2.649698
-2.867588
0.683272
-0.553297
3.207079
-2.919286
0.096592
1.362698
1.177062
1.701537
2.038563
-0.735998
-2.190754
1.610155
2.985577
2.859573
1.216836
1.671435
-1.859294
3.425771
1.035011
0.410483
-1.626754
-1.048430
0.098366
2.870750
-1.478131
3.000091
1.159114
-2.357394
-1.092900
-1.289899
0.512976
-2.117765
3.730053
2.477322
-1.056899
3.321395
-2.950944
1.820160
-0.293048
-2.261063
0.041520
-2.999718
-2.842105
1.699461
-1.816233
0.685180
1.897474
-0.473228
1.055536
-0.607065
-2.082839
2.034430
-1.847803
-1.147368
1.664549
-2.487714
-2.201253
1.315942
1.030969
-1.505025
-1.024463
-0.578766
1.887138
3.354935
0.037498
-1.434123
-1.502590
1.582401
-2.144454
3.400577
0.453068
-0.323109
-0.024251
3.144577
3.264746
3.433830
-0.535577
2.109884
2.982222
-1.236313
0.060683
-1.029188
-2.066946
2.235783
-0.533799
-1.357269
3.742705
-2.118545
-1.932062
-2.578163
3.499694
2.434924
2.979655
-1.166961
-2.243659
2.434754
2.498290
-1.332479
-2.623912
1.266277
3.069834
-1.545755
1.284404
-2.817998
2.212061
1.787622
-2.435414
1.510729
3.821269
-0.361466
0.212396
-2.768459
-0.461849
-2.011745
2.585106
-0.131640
-1.405706
-0.677374
0.594492
-1.810273
1.499140
2.179522
0.209366
1.430570
3.206198
-0.205498
-1.075919
-1.644564
-2.041042
0.270462
1.857483
1.394563
-0.574981
3.514564
-1.606997
-2.033986
3.999999
3.733444
3.993645
0.883443
-1.238150
3.005472
-0.135052
-2.607057
1.001389
1.633237
-0.770155
-0.675491
2.912485
-0.595575
-0.291609
0.458815
-0.382188
1.750966
0.979063
1.095192
-0.072840
-1.982197
-0.366061
0.947885
-1.651473
-2.722357
3.821766
-1.275897
2.495511
-2.250927
3.009578
-2.830832
3.812352
-1.884573
-2.229074
0.845116
2.924277
-1.668195
0.324889
2.112609
3.103095
0.221754
-2.130010
2.965457
1.205141
-2.584571
2.699572
-0.033083
-1.016671
0.666492
-0.754230
3.945251
0.076576
-0.802096
1.564324
3.133832
-1.807573
-2.344494
3.446550
1.626491
3.062973
3.204462
-1.281539
3.425839
-2.973271
1.650419
1.185694
-1.765857
3.746875
-1.842104
3.556261
-0.673814
0.842346
2.797154
0.409335
-0.306639
-1.572607
0.622376
2.137376
-1.839648
-1.792789
-0.136597
1.517421
-0.471653
2.904727
-1.920373
0.732262
0.678922
-2.452502
-1.709515
-1.863005
1.610298
-0.771364
3.688609
-2.988350
0.186394
-0.555116
-0.519716
-1.791967
-2.289773
1.216175
-2.966555
1.693277
-2.293911
3.942843
-1.218060
-1.230971
1.491655
3.898017
3.286252
-1.842155
-1.726837
-0.961837
3.176115
2.218655
3.480387
-1.171022
0.523503
-1.647968
1.344708
0.498412
1.958789
2.496968
3.382412
2.364194
0.373141
-1.820949
-1.672647
-0.390561
0.844599
1.811224
-0.903480
2.239044
-2.406590
2.310893
-1.349163
0.838556
0.792574
2.447273
-0.150655
0.172598
1.922282
2.553002
-0.597959
1.669730
-2.230510
-1.529551
-0.650761
2.572266
0.815107
-0.130294
2.220561
-0.288319
-2.623736
1.612385
0.370009
-0.316334
-0.519863
-0.263470
-2.070297
3.587546
0.913762
0.068035
0.289621
2.658170
-1.020663
-2.847639
-2.490017
-2.421817
-1.847207
-1.119901
-0.347314
2.223987
-1.244780
-2.179858
-1.486281
3.749376
-0.550421
-0.528116
-0.196340
0.863450
0.818047
0.405394
1.113622
0.880162
3.784540
1.214045
-0.152751
0.607033
-0.377649
-0.949893
1.163350
0.651013
-1.597183
-1.034487
-0.536919
2.759591
-2.423237
-2.696149
0.498846
-0.223413
-0.059641
0.619488
-1.879947
0.320241
0.344311
2.893639
1.673363
2.524403
-2.585620
-1.549536
1.606452
0.545814
3.290474
2.439270
-0.993862
-1.538731
-0.928999
3.845891
3.680476
-0.224585
0.856433
-2.963729
2.479386
-1.245418
1.454247
-1.095052
-2.160022
-0.936449
2.845464
0.312332
3.710943
2.430010
-2.459215
1.176918
3.102786
-1.518782
3.083095
2.722085
2.074743
3.988096
2.589911
2.194015
1.148939
2.461549
3.760857
0.012472
1.223518
1.926946
1.787367
-2.484015
-0.174049
3.272669
2.183338
2.128191
-1.491870
2.325788
-0.701692
-1.978049
-1.399794
-1.342169
0.204127
-2.646554
2.769625
0.050407
-2.805397
-0.369619
-2.233351
-1.469629
-2.662147
-2.447412
2.499358
-1.050056
0.767223
-0.690699
2.850917
0.716514
1.744827
2.610922
2.976588
2.250728
2.707082
-1.572517
1.216593
3.075220
-0.827706
2.381957
2.285918
-1.105091
3.285244
-1.520604
1.491526
-2.088756
1.435843
2.298653
2.805318
0.292311
-0.518964
2.756102
-0.879902
2.394158
-0.380549
-2.729382
3.770772
0.084467
-0.110295
0.211885
0.969419
-0.705118
0.881104
0.323426
1.355976
-0.583679
0.242467
0.944426
-1.862268
2.079353
2.653669
-1.244920
1.874923
-1.960547
0.575779
-1.537802
0.555772
-1.797896
3.629214
1.510004
-2.543409
0.089726
1.849301
1.852992
1.947735
0.612064
0.584640
0.847776
2.740645
1.424219
-2.188366
1.901645
1.937087
-1.335776
-0.985045
2.603573
-2.796110
0.575472
-0.871017
-2.133938
-1.361923
3.468078
2.204007
0.211026
-2.029186
-0.038296
-0.499866
2.946060
2.581676
0.693824
-2.305777
1.807872
1.722277
0.020016
-2.796621
-1.517444
2.151645
-2.835682
1.535110
-0.786754
0.783888
1.561355
-1.245118
-2.721753
1.805968
-2.977466
3.046335
0.309104
1.312887
-1.451508
-2.379268
2.584783
-2.829953
-1.650707
3.866552
-0.980570
2.992428
-0.307713
-2.710855
3.860986
3.198395
2.003348
-0.627464
-1.419613
1.852596
3.084967
-1.657096
-0.816086
-2.026509
-0.589224
-0.542330
3.255517
-1.718599
-1.731886
2.565102
-0.922294
-2.299017
0.994746
-0.310974
-1.043674
2.503660
3.186677
0.612576
3.501518
3.887386
3.537491
2.292712
-1.991088
-0.975044
2.725623
-1.199695
3.107120
-2.585718
2.208798
2.556824
0.375749
-0.476366
-2.410327
-0.847323
1.635244
-0.137670
3.712404
1.222026
3.289536
0.104927
3.740453
-2.070760
-1.296503
1.286550
-0.734836
-2.235978
1.127445
2.803457
-2.021140
-2.152976
-2.378351
-0.197108
-0.339296
1.589561
1.057031
-1.092305
0.383988
1.795300
1.035012
2.963550
-0.368906
0.035452
-0.223601
1.715226
-1.369365
1.491703
0.996503
0.989496
-2.319854
1.204284
-2.156853
-0.150437
2.762873
-0.048866
-2.829604
1.391583
1.183725
2.600226
2.463218
-0.596924
1.149443
-2.669236
-1.690449
-2.006419
2.893054
0.859385
1.006123
-1.846400
2.283296
-0.316930
0.574821
1.813123
1.893008
-2.423558
-1.858726
2.756729
3.680532
-1.638847
-2.061206
3.345143
-1.973353
-2.695225
-0.905338
-0.964445
0.991227
3.861234
-1.699611
2.930387
-2.491554
1.480656
-1.406075
-0.482165
3.198400
-1.861008
-0.435806
3.062268
2.412329
-0.248790
1.367505
1.252921
-2.224872
3.568543
0.484523
-1.153779
-2.079343
-1.661207
-0.419626
0.538701
2.077441
2.265566
0.454392
3.359976
0.315585
-0.852784
-0.100727
2.390720
2.373837
2.722221
1.056984
-2.624962
1.279338
2.388491
-1.244506
-0.880858
1.157095
